1000
0 0.008 0.5 0 0.0 0.0 0.0 9.08556e-017
1 0.008 0.49999 0.00314157 0.0 0.0 0.0 -3.94782e-005
2 0.008 0.499961 0.00628302 0.0 0.0 0.0 -7.89548e-005
3 0.008 0.499911 0.00942422 0.0 0.0 0.0 -0.000118428
4 0.008 0.499842 0.012565 0.0 0.0 0.0 -0.000157897
5 0.008 0.499753 0.0157054 0.0 0.0 0.0 -0.00019736
6 0.008 0.499645 0.0188451 0.0 0.0 0.0 -0.000236814
7 0.008 0.499516 0.0219841 0.0 0.0 0.0 -0.00027626
8 0.008 0.499368 0.0251222 0.0 0.0 0.0 -0.000315694
9 0.008 0.499201 0.0282593 0.0 0.0 0.0 -0.000355116
10 0.008 0.499013 0.0313953 0.0 0.0 0.0 -0.000394524
11 0.008 0.498806 0.03453 0.0 0.0 0.0 -0.000433917
12 0.008 0.498579 0.0376634 0.0 0.0 0.0 -0.000473292
13 0.008 0.498333 0.0407953 0.0 0.0 0.0 -0.000512649
14 0.008 0.498067 0.0439256 0.0 0.0 0.0 -0.000551985
15 0.008 0.497781 0.0470542 0.0 0.0 0.0 -0.0005913
16 0.008 0.497476 0.0501809 0.0 0.0 0.0 -0.000630591
17 0.008 0.49715 0.0533056 0.0 0.0 0.0 -0.000669858
18 0.008 0.496806 0.0564282 0.0 0.0 0.0 -0.000709098
19 0.008 0.496441 0.0595486 0.0 0.0 0.0 -0.00074831
20 0.008 0.496057 0.0626666 0.0 0.0 0.0 -0.000787492
21 0.008 0.495654 0.0657822 0.0 0.0 0.0 -0.000826643
22 0.008 0.495231 0.0688951 0.0 0.0 0.0 -0.000865762
23 0.008 0.494788 0.0720054 0.0 0.0 0.0 -0.000904846
24 0.008 0.494326 0.0751128 0.0 0.0 0.0 -0.000943895
25 0.008 0.493844 0.0782172 0.0 0.0 0.0 -0.000982907
26 0.008 0.493343 0.0813186 0.0 0.0 0.0 -0.00102188
27 0.008 0.492822 0.0844167 0.0 0.0 0.0 -0.00106081
28 0.008 0.492282 0.0875115 0.0 0.0 0.0 -0.0010997
29 0.008 0.491723 0.0906029 0.0 0.0 0.0 -0.00113855
30 0.008 0.491144 0.0936907 0.0 0.0 0.0 -0.00117735
31 0.008 0.490545 0.0967747 0.0 0.0 0.0 -0.00121611
32 0.008 0.489928 0.099855 0.0 0.0 0.0 -0.00125481
33 0.008 0.48929 0.102931 0.0 0.0 0.0 -0.00129347
34 0.008 0.488634 0.106004 0.0 0.0 0.0 -0.00133208
35 0.008 0.487958 0.109072 0.0 0.0 0.0 -0.00137063
36 0.008 0.487263 0.112135 0.0 0.0 0.0 -0.00140913
37 0.008 0.486549 0.115195 0.0 0.0 0.0 -0.00144758
38 0.008 0.485816 0.118249 0.0 0.0 0.0 -0.00148597
39 0.008 0.485063 0.1213 0.0 0.0 0.0 -0.0015243
40 0.008 0.484292 0.124345 0.0 0.0 0.0 -0.00156256
41 0.008 0.483501 0.127385 0.0 0.0 0.0 -0.00160077
42 0.008 0.482691 0.130421 0.0 0.0 0.0 -0.00163892
43 0.008 0.481862 0.133451 0.0 0.0 0.0 -0.00167699
44 0.008 0.481014 0.136476 0.0 0.0 0.0 -0.00171501
45 0.008 0.480147 0.139496 0.0 0.0 0.0 -0.00175295
46 0.008 0.479261 0.14251 0.0 0.0 0.0 -0.00179083
47 0.008 0.478356 0.145518 0.0 0.0 0.0 -0.00182863
48 0.008 0.477432 0.148521 0.0 0.0 0.0 -0.00186637
49 0.008 0.47649 0.151518 0.0 0.0 0.0 -0.00190403
50 0.008 0.475528 0.154508 0.0 0.0 0.0 -0.00194161
51 0.008 0.474548 0.157493 0.0 0.0 0.0 -0.00197912
52 0.008 0.473549 0.160472 0.0 0.0 0.0 -0.00201655
53 0.008 0.472532 0.163444 0.0 0.0 0.0 -0.0020539
54 0.008 0.471495 0.16641 0.0 0.0 0.0 -0.00209117
55 0.008 0.47044 0.169369 0.0 0.0 0.0 -0.00212835
56 0.008 0.469367 0.172321 0.0 0.0 0.0 -0.00216546
57 0.008 0.468275 0.175267 0.0 0.0 0.0 -0.00220247
58 0.008 0.467164 0.178206 0.0 0.0 0.0 -0.0022394
59 0.008 0.466036 0.181138 0.0 0.0 0.0 -0.00227624
60 0.008 0.464888 0.184062 0.0 0.0 0.0 -0.00231299
61 0.008 0.463723 0.18698 0.0 0.0 0.0 -0.00234965
62 0.008 0.462539 0.18989 0.0 0.0 0.0 -0.00238622
63 0.008 0.461336 0.192792 0.0 0.0 0.0 -0.0024227
64 0.008 0.460116 0.195687 0.0 0.0 0.0 -0.00245907
65 0.008 0.458877 0.198574 0.0 0.0 0.0 -0.00249535
66 0.008 0.457621 0.201453 0.0 0.0 0.0 -0.00253154
67 0.008 0.456346 0.204325 0.0 0.0 0.0 -0.00256762
68 0.008 0.455053 0.207188 0.0 0.0 0.0 -0.0026036
69 0.008 0.453742 0.210043 0.0 0.0 0.0 -0.00263948
70 0.008 0.452414 0.21289 0.0 0.0 0.0 -0.00267525
71 0.008 0.451067 0.215728 0.0 0.0 0.0 -0.00271092
72 0.008 0.449703 0.218558 0.0 0.0 0.0 -0.00274648
73 0.008 0.448321 0.221379 0.0 0.0 0.0 -0.00278193
74 0.008 0.446921 0.224192 0.0 0.0 0.0 -0.00281727
75 0.008 0.445503 0.226995 0.0 0.0 0.0 -0.00285251
76 0.008 0.444068 0.22979 0.0 0.0 0.0 -0.00288763
77 0.008 0.442616 0.232576 0.0 0.0 0.0 -0.00292263
78 0.008 0.441146 0.235352 0.0 0.0 0.0 -0.00295752
79 0.008 0.439658 0.238119 0.0 0.0 0.0 -0.00299229
80 0.008 0.438153 0.240877 0.0 0.0 0.0 -0.00302695
81 0.008 0.436631 0.243625 0.0 0.0 0.0 -0.00306148
82 0.008 0.435092 0.246364 0.0 0.0 0.0 -0.0030959
83 0.008 0.433535 0.249093 0.0 0.0 0.0 -0.00313019
84 0.008 0.431962 0.251812 0.0 0.0 0.0 -0.00316436
85 0.008 0.430371 0.254521 0.0 0.0 0.0 -0.0031984
86 0.008 0.428763 0.25722 0.0 0.0 0.0 -0.00323232
87 0.008 0.427139 0.259909 0.0 0.0 0.0 -0.00326611
88 0.008 0.425497 0.262587 0.0 0.0 0.0 -0.00329977
89 0.008 0.423839 0.265256 0.0 0.0 0.0 -0.0033333
90 0.008 0.422164 0.267913 0.0 0.0 0.0 -0.0033667
91 0.008 0.420472 0.270561 0.0 0.0 0.0 -0.00339997
92 0.008 0.418764 0.273197 0.0 0.0 0.0 -0.0034331
93 0.008 0.417039 0.275823 0.0 0.0 0.0 -0.00346609
94 0.008 0.415298 0.278438 0.0 0.0 0.0 -0.00349895
95 0.008 0.41354 0.281042 0.0 0.0 0.0 -0.00353167
96 0.008 0.411766 0.283634 0.0 0.0 0.0 -0.00356426
97 0.008 0.409976 0.286216 0.0 0.0 0.0 -0.0035967
98 0.008 0.40817 0.288786 0.0 0.0 0.0 -0.003629
99 0.008 0.406347 0.291345 0.0 0.0 0.0 -0.00366115
100 0.008 0.404508 0.293893 0.0 0.0 0.0 -0.00369316
101 0.008 0.402654 0.296428 0.0 0.0 0.0 -0.00372503
102 0.008 0.400783 0.298952 0.0 0.0 0.0 -0.00375675
103 0.008 0.398897 0.301465 0.0 0.0 0.0 -0.00378832
104 0.008 0.396995 0.303965 0.0 0.0 0.0 -0.00381974
105 0.008 0.395078 0.306454 0.0 0.0 0.0 -0.00385101
106 0.008 0.393144 0.30893 0.0 0.0 0.0 -0.00388213
107 0.008 0.391195 0.311394 0.0 0.0 0.0 -0.00391309
108 0.008 0.389231 0.313846 0.0 0.0 0.0 -0.0039439
109 0.008 0.387252 0.316285 0.0 0.0 0.0 -0.00397456
110 0.008 0.385257 0.318712 0.0 0.0 0.0 -0.00400505
111 0.008 0.383247 0.321126 0.0 0.0 0.0 -0.00403539
112 0.008 0.381221 0.323528 0.0 0.0 0.0 -0.00406557
113 0.008 0.379181 0.325917 0.0 0.0 0.0 -0.00409559
114 0.008 0.377126 0.328293 0.0 0.0 0.0 -0.00412545
115 0.008 0.375056 0.330656 0.0 0.0 0.0 -0.00415514
116 0.008 0.372971 0.333006 0.0 0.0 0.0 -0.00418468
117 0.008 0.370871 0.335343 0.0 0.0 0.0 -0.00421404
118 0.008 0.368757 0.337666 0.0 0.0 0.0 -0.00424324
119 0.008 0.366628 0.339977 0.0 0.0 0.0 -0.00427227
120 0.008 0.364484 0.342274 0.0 0.0 0.0 -0.00430114
121 0.008 0.362327 0.344557 0.0 0.0 0.0 -0.00432983
122 0.008 0.360155 0.346827 0.0 0.0 0.0 -0.00435835
123 0.008 0.357968 0.349083 0.0 0.0 0.0 -0.0043867
124 0.008 0.355768 0.351325 0.0 0.0 0.0 -0.00441488
125 0.008 0.353553 0.353553 0.0 0.0 0.0 -0.00444288
126 0.008 0.351325 0.355768 0.0 0.0 0.0 -0.00447071
127 0.008 0.349083 0.357968 0.0 0.0 0.0 -0.00449836
128 0.008 0.346827 0.360155 0.0 0.0 0.0 -0.00452584
129 0.008 0.344557 0.362327 0.0 0.0 0.0 -0.00455313
130 0.008 0.342274 0.364484 0.0 0.0 0.0 -0.00458024
131 0.008 0.339977 0.366628 0.0 0.0 0.0 -0.00460718
132 0.008 0.337666 0.368757 0.0 0.0 0.0 -0.00463393
133 0.008 0.335343 0.370871 0.0 0.0 0.0 -0.0046605
134 0.008 0.333006 0.372971 0.0 0.0 0.0 -0.00468689
135 0.008 0.330656 0.375056 0.0 0.0 0.0 -0.00471309
136 0.008 0.328293 0.377126 0.0 0.0 0.0 -0.0047391
137 0.008 0.325917 0.379181 0.0 0.0 0.0 -0.00476493
138 0.008 0.323528 0.381221 0.0 0.0 0.0 -0.00479057
139 0.008 0.321126 0.383247 0.0 0.0 0.0 -0.00481602
140 0.008 0.318712 0.385257 0.0 0.0 0.0 -0.00484128
141 0.008 0.316285 0.387252 0.0 0.0 0.0 -0.00486635
142 0.008 0.313846 0.389231 0.0 0.0 0.0 -0.00489122
143 0.008 0.311394 0.391195 0.0 0.0 0.0 -0.00491591
144 0.008 0.30893 0.393144 0.0 0.0 0.0 -0.0049404
145 0.008 0.306454 0.395078 0.0 0.0 0.0 -0.00496469
146 0.008 0.303965 0.396995 0.0 0.0 0.0 -0.00498879
147 0.008 0.301465 0.398897 0.0 0.0 0.0 -0.00501269
148 0.008 0.298952 0.400783 0.0 0.0 0.0 -0.00503639
149 0.008 0.296428 0.402654 0.0 0.0 0.0 -0.0050599
150 0.008 0.293893 0.404508 0.0 0.0 0.0 -0.0050832
151 0.008 0.291345 0.406347 0.0 0.0 0.0 -0.00510631
152 0.008 0.288786 0.40817 0.0 0.0 0.0 -0.00512921
153 0.008 0.286216 0.409976 0.0 0.0 0.0 -0.00515191
154 0.008 0.283634 0.411766 0.0 0.0 0.0 -0.00517441
155 0.008 0.281042 0.41354 0.0 0.0 0.0 -0.0051967
156 0.008 0.278438 0.415298 0.0 0.0 0.0 -0.00521879
157 0.008 0.275823 0.417039 0.0 0.0 0.0 -0.00524067
158 0.008 0.273197 0.418764 0.0 0.0 0.0 -0.00526234
159 0.008 0.270561 0.420472 0.0 0.0 0.0 -0.00528381
160 0.008 0.267913 0.422164 0.0 0.0 0.0 -0.00530507
161 0.008 0.265256 0.423839 0.0 0.0 0.0 -0.00532612
162 0.008 0.262587 0.425497 0.0 0.0 0.0 -0.00534696
163 0.008 0.259909 0.427139 0.0 0.0 0.0 -0.00536758
164 0.008 0.25722 0.428763 0.0 0.0 0.0 -0.005388
165 0.008 0.254521 0.430371 0.0 0.0 0.0 -0.0054082
166 0.008 0.251812 0.431962 0.0 0.0 0.0 -0.00542819
167 0.008 0.249093 0.433535 0.0 0.0 0.0 -0.00544797
168 0.008 0.246364 0.435092 0.0 0.0 0.0 -0.00546753
169 0.008 0.243625 0.436631 0.0 0.0 0.0 -0.00548687
170 0.008 0.240877 0.438153 0.0 0.0 0.0 -0.005506
171 0.008 0.238119 0.439658 0.0 0.0 0.0 -0.00552491
172 0.008 0.235352 0.441146 0.0 0.0 0.0 -0.0055436
173 0.008 0.232576 0.442616 0.0 0.0 0.0 -0.00556207
174 0.008 0.22979 0.444068 0.0 0.0 0.0 -0.00558033
175 0.008 0.226995 0.445503 0.0 0.0 0.0 -0.00559836
176 0.008 0.224192 0.446921 0.0 0.0 0.0 -0.00561617
177 0.008 0.221379 0.448321 0.0 0.0 0.0 -0.00563376
178 0.008 0.218558 0.449703 0.0 0.0 0.0 -0.00565113
179 0.008 0.215728 0.451067 0.0 0.0 0.0 -0.00566827
180 0.008 0.21289 0.452414 0.0 0.0 0.0 -0.0056852
181 0.008 0.210043 0.453742 0.0 0.0 0.0 -0.00570189
182 0.008 0.207188 0.455053 0.0 0.0 0.0 -0.00571836
183 0.008 0.204325 0.456346 0.0 0.0 0.0 -0.00573461
184 0.008 0.201453 0.457621 0.0 0.0 0.0 -0.00575063
185 0.008 0.198574 0.458877 0.0 0.0 0.0 -0.00576642
186 0.008 0.195687 0.460116 0.0 0.0 0.0 -0.00578199
187 0.008 0.192792 0.461336 0.0 0.0 0.0 -0.00579732
188 0.008 0.18989 0.462539 0.0 0.0 0.0 -0.00581243
189 0.008 0.18698 0.463723 0.0 0.0 0.0 -0.00582731
190 0.008 0.184062 0.464888 0.0 0.0 0.0 -0.00584196
191 0.008 0.181138 0.466036 0.0 0.0 0.0 -0.00585638
192 0.008 0.178206 0.467164 0.0 0.0 0.0 -0.00587056
193 0.008 0.175267 0.468275 0.0 0.0 0.0 -0.00588452
194 0.008 0.172321 0.469367 0.0 0.0 0.0 -0.00589824
195 0.008 0.169369 0.47044 0.0 0.0 0.0 -0.00591173
196 0.008 0.16641 0.471495 0.0 0.0 0.0 -0.00592498
197 0.008 0.163444 0.472532 0.0 0.0 0.0 -0.00593801
198 0.008 0.160472 0.473549 0.0 0.0 0.0 -0.00595079
199 0.008 0.157493 0.474548 0.0 0.0 0.0 -0.00596335
200 0.008 0.154508 0.475528 0.0 0.0 0.0 -0.00597566
201 0.008 0.151518 0.47649 0.0 0.0 0.0 -0.00598775
202 0.008 0.148521 0.477432 0.0 0.0 0.0 -0.00599959
203 0.008 0.145518 0.478356 0.0 0.0 0.0 -0.0060112
204 0.008 0.14251 0.479261 0.0 0.0 0.0 -0.00602257
205 0.008 0.139496 0.480147 0.0 0.0 0.0 -0.0060337
206 0.008 0.136476 0.481014 0.0 0.0 0.0 -0.0060446
207 0.008 0.133451 0.481862 0.0 0.0 0.0 -0.00605525
208 0.008 0.130421 0.482691 0.0 0.0 0.0 -0.00606567
209 0.008 0.127385 0.483501 0.0 0.0 0.0 -0.00607585
210 0.008 0.124345 0.484292 0.0 0.0 0.0 -0.00608579
211 0.008 0.1213 0.485063 0.0 0.0 0.0 -0.00609549
212 0.008 0.118249 0.485816 0.0 0.0 0.0 -0.00610494
213 0.008 0.115195 0.486549 0.0 0.0 0.0 -0.00611416
214 0.008 0.112135 0.487263 0.0 0.0 0.0 -0.00612313
215 0.008 0.109072 0.487958 0.0 0.0 0.0 -0.00613187
216 0.008 0.106004 0.488634 0.0 0.0 0.0 -0.00614036
217 0.008 0.102931 0.48929 0.0 0.0 0.0 -0.00614861
218 0.008 0.099855 0.489928 0.0 0.0 0.0 -0.00615661
219 0.008 0.0967747 0.490545 0.0 0.0 0.0 -0.00616437
220 0.008 0.0936907 0.491144 0.0 0.0 0.0 -0.00617189
221 0.008 0.0906029 0.491723 0.0 0.0 0.0 -0.00617917
222 0.008 0.0875115 0.492282 0.0 0.0 0.0 -0.0061862
223 0.008 0.0844167 0.492822 0.0 0.0 0.0 -0.00619299
224 0.008 0.0813186 0.493343 0.0 0.0 0.0 -0.00619953
225 0.008 0.0782172 0.493844 0.0 0.0 0.0 -0.00620583
226 0.008 0.0751128 0.494326 0.0 0.0 0.0 -0.00621188
227 0.008 0.0720054 0.494788 0.0 0.0 0.0 -0.00621769
228 0.008 0.0688951 0.495231 0.0 0.0 0.0 -0.00622325
229 0.008 0.0657822 0.495654 0.0 0.0 0.0 -0.00622857
230 0.008 0.0626666 0.496057 0.0 0.0 0.0 -0.00623364
231 0.008 0.0595486 0.496441 0.0 0.0 0.0 -0.00623847
232 0.008 0.0564282 0.496806 0.0 0.0 0.0 -0.00624304
233 0.008 0.0533056 0.49715 0.0 0.0 0.0 -0.00624738
234 0.008 0.0501809 0.497476 0.0 0.0 0.0 -0.00625146
235 0.008 0.0470542 0.497781 0.0 0.0 0.0 -0.0062553
236 0.008 0.0439256 0.498067 0.0 0.0 0.0 -0.00625889
237 0.008 0.0407953 0.498333 0.0 0.0 0.0 -0.00626224
238 0.008 0.0376634 0.498579 0.0 0.0 0.0 -0.00626533
239 0.008 0.03453 0.498806 0.0 0.0 0.0 -0.00626818
240 0.008 0.0313953 0.499013 0.0 0.0 0.0 -0.00627079
241 0.008 0.0282593 0.499201 0.0 0.0 0.0 -0.00627314
242 0.008 0.0251222 0.499368 0.0 0.0 0.0 -0.00627525
243 0.008 0.0219841 0.499516 0.0 0.0 0.0 -0.00627711
244 0.008 0.0188451 0.499645 0.0 0.0 0.0 -0.00627872
245 0.008 0.0157054 0.499753 0.0 0.0 0.0 -0.00628008
246 0.008 0.012565 0.499842 0.0 0.0 0.0 -0.0062812
247 0.008 0.00942422 0.499911 0.0 0.0 0.0 -0.00628207
248 0.008 0.00628302 0.499961 0.0 0.0 0.0 -0.00628269
249 0.008 0.00314157 0.49999 0.0 0.0 0.0 -0.00628306
250 0.008 3.06162e-017 0.5 0.0 0.0 0.0 -0.00628319
251 0.008 -0.00314157 0.49999 0.0 0.0 0.0 -0.00628306
252 0.008 -0.00628302 0.499961 0.0 0.0 0.0 -0.00628269
253 0.008 -0.00942422 0.499911 0.0 0.0 0.0 -0.00628207
254 0.008 -0.012565 0.499842 0.0 0.0 0.0 -0.0062812
255 0.008 -0.0157054 0.499753 0.0 0.0 0.0 -0.00628008
256 0.008 -0.0188451 0.499645 0.0 0.0 0.0 -0.00627872
257 0.008 -0.0219841 0.499516 0.0 0.0 0.0 -0.00627711
258 0.008 -0.0251222 0.499368 0.0 0.0 0.0 -0.00627525
259 0.008 -0.0282593 0.499201 0.0 0.0 0.0 -0.00627314
260 0.008 -0.0313953 0.499013 0.0 0.0 0.0 -0.00627079
261 0.008 -0.03453 0.498806 0.0 0.0 0.0 -0.00626818
262 0.008 -0.0376634 0.498579 0.0 0.0 0.0 -0.00626533
263 0.008 -0.0407953 0.498333 0.0 0.0 0.0 -0.00626224
264 0.008 -0.0439256 0.498067 0.0 0.0 0.0 -0.00625889
265 0.008 -0.0470542 0.497781 0.0 0.0 0.0 -0.0062553
266 0.008 -0.0501809 0.497476 0.0 0.0 0.0 -0.00625146
267 0.008 -0.0533056 0.49715 0.0 0.0 0.0 -0.00624738
268 0.008 -0.0564282 0.496806 0.0 0.0 0.0 -0.00624304
269 0.008 -0.0595486 0.496441 0.0 0.0 0.0 -0.00623847
270 0.008 -0.0626666 0.496057 0.0 0.0 0.0 -0.00623364
271 0.008 -0.0657822 0.495654 0.0 0.0 0.0 -0.00622857
272 0.008 -0.0688951 0.495231 0.0 0.0 0.0 -0.00622325
273 0.008 -0.0720054 0.494788 0.0 0.0 0.0 -0.00621769
274 0.008 -0.0751128 0.494326 0.0 0.0 0.0 -0.00621188
275 0.008 -0.0782172 0.493844 0.0 0.0 0.0 -0.00620583
276 0.008 -0.0813186 0.493343 0.0 0.0 0.0 -0.00619953
277 0.008 -0.0844167 0.492822 0.0 0.0 0.0 -0.00619299
278 0.008 -0.0875115 0.492282 0.0 0.0 0.0 -0.0061862
279 0.008 -0.0906029 0.491723 0.0 0.0 0.0 -0.00617917
280 0.008 -0.0936907 0.491144 0.0 0.0 0.0 -0.00617189
281 0.008 -0.0967747 0.490545 0.0 0.0 0.0 -0.00616437
282 0.008 -0.099855 0.489928 0.0 0.0 0.0 -0.00615661
283 0.008 -0.102931 0.48929 0.0 0.0 0.0 -0.00614861
284 0.008 -0.106004 0.488634 0.0 0.0 0.0 -0.00614036
285 0.008 -0.109072 0.487958 0.0 0.0 0.0 -0.00613187
286 0.008 -0.112135 0.487263 0.0 0.0 0.0 -0.00612313
287 0.008 -0.115195 0.486549 0.0 0.0 0.0 -0.00611416
288 0.008 -0.118249 0.485816 0.0 0.0 0.0 -0.00610494
289 0.008 -0.1213 0.485063 0.0 0.0 0.0 -0.00609549
290 0.008 -0.124345 0.484292 0.0 0.0 0.0 -0.00608579
291 0.008 -0.127385 0.483501 0.0 0.0 0.0 -0.00607585
292 0.008 -0.130421 0.482691 0.0 0.0 0.0 -0.00606567
293 0.008 -0.133451 0.481862 0.0 0.0 0.0 -0.00605525
294 0.008 -0.136476 0.481014 0.0 0.0 0.0 -0.0060446
295 0.008 -0.139496 0.480147 0.0 0.0 0.0 -0.0060337
296 0.008 -0.14251 0.479261 0.0 0.0 0.0 -0.00602257
297 0.008 -0.145518 0.478356 0.0 0.0 0.0 -0.0060112
298 0.008 -0.148521 0.477432 0.0 0.0 0.0 -0.00599959
299 0.008 -0.151518 0.47649 0.0 0.0 0.0 -0.00598775
300 0.008 -0.154508 0.475528 0.0 0.0 0.0 -0.00597566
301 0.008 -0.157493 0.474548 0.0 0.0 0.0 -0.00596335
302 0.008 -0.160472 0.473549 0.0 0.0 0.0 -0.00595079
303 0.008 -0.163444 0.472532 0.0 0.0 0.0 -0.00593801
304 0.008 -0.16641 0.471495 0.0 0.0 0.0 -0.00592498
305 0.008 -0.169369 0.47044 0.0 0.0 0.0 -0.00591173
306 0.008 -0.172321 0.469367 0.0 0.0 0.0 -0.00589824
307 0.008 -0.175267 0.468275 0.0 0.0 0.0 -0.00588452
308 0.008 -0.178206 0.467164 0.0 0.0 0.0 -0.00587056
309 0.008 -0.181138 0.466036 0.0 0.0 0.0 -0.00585638
310 0.008 -0.184062 0.464888 0.0 0.0 0.0 -0.00584196
311 0.008 -0.18698 0.463723 0.0 0.0 0.0 -0.00582731
312 0.008 -0.18989 0.462539 0.0 0.0 0.0 -0.00581243
313 0.008 -0.192792 0.461336 0.0 0.0 0.0 -0.00579732
314 0.008 -0.195687 0.460116 0.0 0.0 0.0 -0.00578199
315 0.008 -0.198574 0.458877 0.0 0.0 0.0 -0.00576642
316 0.008 -0.201453 0.457621 0.0 0.0 0.0 -0.00575063
317 0.008 -0.204325 0.456346 0.0 0.0 0.0 -0.00573461
318 0.008 -0.207188 0.455053 0.0 0.0 0.0 -0.00571836
319 0.008 -0.210043 0.453742 0.0 0.0 0.0 -0.00570189
320 0.008 -0.21289 0.452414 0.0 0.0 0.0 -0.0056852
321 0.008 -0.215728 0.451067 0.0 0.0 0.0 -0.00566827
322 0.008 -0.218558 0.449703 0.0 0.0 0.0 -0.00565113
323 0.008 -0.221379 0.448321 0.0 0.0 0.0 -0.00563376
324 0.008 -0.224192 0.446921 0.0 0.0 0.0 -0.00561617
325 0.008 -0.226995 0.445503 0.0 0.0 0.0 -0.00559836
326 0.008 -0.22979 0.444068 0.0 0.0 0.0 -0.00558033
327 0.008 -0.232576 0.442616 0.0 0.0 0.0 -0.00556207
328 0.008 -0.235352 0.441146 0.0 0.0 0.0 -0.0055436
329 0.008 -0.238119 0.439658 0.0 0.0 0.0 -0.00552491
330 0.008 -0.240877 0.438153 0.0 0.0 0.0 -0.005506
331 0.008 -0.243625 0.436631 0.0 0.0 0.0 -0.00548687
332 0.008 -0.246364 0.435092 0.0 0.0 0.0 -0.00546753
333 0.008 -0.249093 0.433535 0.0 0.0 0.0 -0.00544797
334 0.008 -0.251812 0.431962 0.0 0.0 0.0 -0.00542819
335 0.008 -0.254521 0.430371 0.0 0.0 0.0 -0.0054082
336 0.008 -0.25722 0.428763 0.0 0.0 0.0 -0.005388
337 0.008 -0.259909 0.427139 0.0 0.0 0.0 -0.00536758
338 0.008 -0.262587 0.425497 0.0 0.0 0.0 -0.00534696
339 0.008 -0.265256 0.423839 0.0 0.0 0.0 -0.00532612
340 0.008 -0.267913 0.422164 0.0 0.0 0.0 -0.00530507
341 0.008 -0.270561 0.420472 0.0 0.0 0.0 -0.00528381
342 0.008 -0.273197 0.418764 0.0 0.0 0.0 -0.00526234
343 0.008 -0.275823 0.417039 0.0 0.0 0.0 -0.00524067
344 0.008 -0.278438 0.415298 0.0 0.0 0.0 -0.00521879
345 0.008 -0.281042 0.41354 0.0 0.0 0.0 -0.0051967
346 0.008 -0.283634 0.411766 0.0 0.0 0.0 -0.00517441
347 0.008 -0.286216 0.409976 0.0 0.0 0.0 -0.00515191
348 0.008 -0.288786 0.40817 0.0 0.0 0.0 -0.00512921
349 0.008 -0.291345 0.406347 0.0 0.0 0.0 -0.00510631
350 0.008 -0.293893 0.404508 0.0 0.0 0.0 -0.0050832
351 0.008 -0.296428 0.402654 0.0 0.0 0.0 -0.0050599
352 0.008 -0.298952 0.400783 0.0 0.0 0.0 -0.00503639
353 0.008 -0.301465 0.398897 0.0 0.0 0.0 -0.00501269
354 0.008 -0.303965 0.396995 0.0 0.0 0.0 -0.00498879
355 0.008 -0.306454 0.395078 0.0 0.0 0.0 -0.00496469
356 0.008 -0.30893 0.393144 0.0 0.0 0.0 -0.0049404
357 0.008 -0.311394 0.391195 0.0 0.0 0.0 -0.00491591
358 0.008 -0.313846 0.389231 0.0 0.0 0.0 -0.00489122
359 0.008 -0.316285 0.387252 0.0 0.0 0.0 -0.00486635
360 0.008 -0.318712 0.385257 0.0 0.0 0.0 -0.00484128
361 0.008 -0.321126 0.383247 0.0 0.0 0.0 -0.00481602
362 0.008 -0.323528 0.381221 0.0 0.0 0.0 -0.00479057
363 0.008 -0.325917 0.379181 0.0 0.0 0.0 -0.00476493
364 0.008 -0.328293 0.377126 0.0 0.0 0.0 -0.0047391
365 0.008 -0.330656 0.375056 0.0 0.0 0.0 -0.00471309
366 0.008 -0.333006 0.372971 0.0 0.0 0.0 -0.00468689
367 0.008 -0.335343 0.370871 0.0 0.0 0.0 -0.0046605
368 0.008 -0.337666 0.368757 0.0 0.0 0.0 -0.00463393
369 0.008 -0.339977 0.366628 0.0 0.0 0.0 -0.00460718
370 0.008 -0.342274 0.364484 0.0 0.0 0.0 -0.00458024
371 0.008 -0.344557 0.362327 0.0 0.0 0.0 -0.00455313
372 0.008 -0.346827 0.360155 0.0 0.0 0.0 -0.00452584
373 0.008 -0.349083 0.357968 0.0 0.0 0.0 -0.00449836
374 0.008 -0.351325 0.355768 0.0 0.0 0.0 -0.00447071
375 0.008 -0.353553 0.353553 0.0 0.0 0.0 -0.00444288
376 0.008 -0.355768 0.351325 0.0 0.0 0.0 -0.00441488
377 0.008 -0.357968 0.349083 0.0 0.0 0.0 -0.0043867
378 0.008 -0.360155 0.346827 0.0 0.0 0.0 -0.00435835
379 0.008 -0.362327 0.344557 0.0 0.0 0.0 -0.00432983
380 0.008 -0.364484 0.342274 0.0 0.0 0.0 -0.00430114
381 0.008 -0.366628 0.339977 0.0 0.0 0.0 -0.00427227
382 0.008 -0.368757 0.337666 0.0 0.0 0.0 -0.00424324
383 0.008 -0.370871 0.335343 0.0 0.0 0.0 -0.00421404
384 0.008 -0.372971 0.333006 0.0 0.0 0.0 -0.00418468
385 0.008 -0.375056 0.330656 0.0 0.0 0.0 -0.00415514
386 0.008 -0.377126 0.328293 0.0 0.0 0.0 -0.00412545
387 0.008 -0.379181 0.325917 0.0 0.0 0.0 -0.00409559
388 0.008 -0.381221 0.323528 0.0 0.0 0.0 -0.00406557
389 0.008 -0.383247 0.321126 0.0 0.0 0.0 -0.00403539
390 0.008 -0.385257 0.318712 0.0 0.0 0.0 -0.00400505
391 0.008 -0.387252 0.316285 0.0 0.0 0.0 -0.00397456
392 0.008 -0.389231 0.313846 0.0 0.0 0.0 -0.0039439
393 0.008 -0.391195 0.311394 0.0 0.0 0.0 -0.00391309
394 0.008 -0.393144 0.30893 0.0 0.0 0.0 -0.00388213
395 0.008 -0.395078 0.306454 0.0 0.0 0.0 -0.00385101
396 0.008 -0.396995 0.303965 0.0 0.0 0.0 -0.00381974
397 0.008 -0.398897 0.301465 0.0 0.0 0.0 -0.00378832
398 0.008 -0.400783 0.298952 0.0 0.0 0.0 -0.00375675
399 0.008 -0.402654 0.296428 0.0 0.0 0.0 -0.00372503
400 0.008 -0.404508 0.293893 0.0 0.0 0.0 -0.00369316
401 0.008 -0.406347 0.291345 0.0 0.0 0.0 -0.00366115
402 0.008 -0.40817 0.288786 0.0 0.0 0.0 -0.003629
403 0.008 -0.409976 0.286216 0.0 0.0 0.0 -0.0035967
404 0.008 -0.411766 0.283634 0.0 0.0 0.0 -0.00356426
405 0.008 -0.41354 0.281042 0.0 0.0 0.0 -0.00353167
406 0.008 -0.415298 0.278438 0.0 0.0 0.0 -0.00349895
407 0.008 -0.417039 0.275823 0.0 0.0 0.0 -0.00346609
408 0.008 -0.418764 0.273197 0.0 0.0 0.0 -0.0034331
409 0.008 -0.420472 0.270561 0.0 0.0 0.0 -0.00339997
410 0.008 -0.422164 0.267913 0.0 0.0 0.0 -0.0033667
411 0.008 -0.423839 0.265256 0.0 0.0 0.0 -0.0033333
412 0.008 -0.425497 0.262587 0.0 0.0 0.0 -0.00329977
413 0.008 -0.427139 0.259909 0.0 0.0 0.0 -0.00326611
414 0.008 -0.428763 0.25722 0.0 0.0 0.0 -0.00323232
415 0.008 -0.430371 0.254521 0.0 0.0 0.0 -0.0031984
416 0.008 -0.431962 0.251812 0.0 0.0 0.0 -0.00316436
417 0.008 -0.433535 0.249093 0.0 0.0 0.0 -0.00313019
418 0.008 -0.435092 0.246364 0.0 0.0 0.0 -0.0030959
419 0.008 -0.436631 0.243625 0.0 0.0 0.0 -0.00306148
420 0.008 -0.438153 0.240877 0.0 0.0 0.0 -0.00302695
421 0.008 -0.439658 0.238119 0.0 0.0 0.0 -0.00299229
422 0.008 -0.441146 0.235352 0.0 0.0 0.0 -0.00295752
423 0.008 -0.442616 0.232576 0.0 0.0 0.0 -0.00292263
424 0.008 -0.444068 0.22979 0.0 0.0 0.0 -0.00288763
425 0.008 -0.445503 0.226995 0.0 0.0 0.0 -0.00285251
426 0.008 -0.446921 0.224192 0.0 0.0 0.0 -0.00281727
427 0.008 -0.448321 0.221379 0.0 0.0 0.0 -0.00278193
428 0.008 -0.449703 0.218558 0.0 0.0 0.0 -0.00274648
429 0.008 -0.451067 0.215728 0.0 0.0 0.0 -0.00271092
430 0.008 -0.452414 0.21289 0.0 0.0 0.0 -0.00267525
431 0.008 -0.453742 0.210043 0.0 0.0 0.0 -0.00263948
432 0.008 -0.455053 0.207188 0.0 0.0 0.0 -0.0026036
433 0.008 -0.456346 0.204325 0.0 0.0 0.0 -0.00256762
434 0.008 -0.457621 0.201453 0.0 0.0 0.0 -0.00253154
435 0.008 -0.458877 0.198574 0.0 0.0 0.0 -0.00249535
436 0.008 -0.460116 0.195687 0.0 0.0 0.0 -0.00245907
437 0.008 -0.461336 0.192792 0.0 0.0 0.0 -0.0024227
438 0.008 -0.462539 0.18989 0.0 0.0 0.0 -0.00238622
439 0.008 -0.463723 0.18698 0.0 0.0 0.0 -0.00234965
440 0.008 -0.464888 0.184062 0.0 0.0 0.0 -0.00231299
441 0.008 -0.466036 0.181138 0.0 0.0 0.0 -0.00227624
442 0.008 -0.467164 0.178206 0.0 0.0 0.0 -0.0022394
443 0.008 -0.468275 0.175267 0.0 0.0 0.0 -0.00220247
444 0.008 -0.469367 0.172321 0.0 0.0 0.0 -0.00216546
445 0.008 -0.47044 0.169369 0.0 0.0 0.0 -0.00212835
446 0.008 -0.471495 0.16641 0.0 0.0 0.0 -0.00209117
447 0.008 -0.472532 0.163444 0.0 0.0 0.0 -0.0020539
448 0.008 -0.473549 0.160472 0.0 0.0 0.0 -0.00201655
449 0.008 -0.474548 0.157493 0.0 0.0 0.0 -0.00197912
450 0.008 -0.475528 0.154508 0.0 0.0 0.0 -0.00194161
451 0.008 -0.47649 0.151518 0.0 0.0 0.0 -0.00190403
452 0.008 -0.477432 0.148521 0.0 0.0 0.0 -0.00186637
453 0.008 -0.478356 0.145518 0.0 0.0 0.0 -0.00182863
454 0.008 -0.479261 0.14251 0.0 0.0 0.0 -0.00179083
455 0.008 -0.480147 0.139496 0.0 0.0 0.0 -0.00175295
456 0.008 -0.481014 0.136476 0.0 0.0 0.0 -0.00171501
457 0.008 -0.481862 0.133451 0.0 0.0 0.0 -0.00167699
458 0.008 -0.482691 0.130421 0.0 0.0 0.0 -0.00163892
459 0.008 -0.483501 0.127385 0.0 0.0 0.0 -0.00160077
460 0.008 -0.484292 0.124345 0.0 0.0 0.0 -0.00156256
461 0.008 -0.485063 0.1213 0.0 0.0 0.0 -0.0015243
462 0.008 -0.485816 0.118249 0.0 0.0 0.0 -0.00148597
463 0.008 -0.486549 0.115195 0.0 0.0 0.0 -0.00144758
464 0.008 -0.487263 0.112135 0.0 0.0 0.0 -0.00140913
465 0.008 -0.487958 0.109072 0.0 0.0 0.0 -0.00137063
466 0.008 -0.488634 0.106004 0.0 0.0 0.0 -0.00133208
467 0.008 -0.48929 0.102931 0.0 0.0 0.0 -0.00129347
468 0.008 -0.489928 0.099855 0.0 0.0 0.0 -0.00125481
469 0.008 -0.490545 0.0967747 0.0 0.0 0.0 -0.00121611
470 0.008 -0.491144 0.0936907 0.0 0.0 0.0 -0.00117735
471 0.008 -0.491723 0.0906029 0.0 0.0 0.0 -0.00113855
472 0.008 -0.492282 0.0875115 0.0 0.0 0.0 -0.0010997
473 0.008 -0.492822 0.0844167 0.0 0.0 0.0 -0.00106081
474 0.008 -0.493343 0.0813186 0.0 0.0 0.0 -0.00102188
475 0.008 -0.493844 0.0782172 0.0 0.0 0.0 -0.000982907
476 0.008 -0.494326 0.0751128 0.0 0.0 0.0 -0.000943895
477 0.008 -0.494788 0.0720054 0.0 0.0 0.0 -0.000904846
478 0.008 -0.495231 0.0688951 0.0 0.0 0.0 -0.000865762
479 0.008 -0.495654 0.0657822 0.0 0.0 0.0 -0.000826643
480 0.008 -0.496057 0.0626666 0.0 0.0 0.0 -0.000787492
481 0.008 -0.496441 0.0595486 0.0 0.0 0.0 -0.00074831
482 0.008 -0.496806 0.0564282 0.0 0.0 0.0 -0.000709098
483 0.008 -0.49715 0.0533056 0.0 0.0 0.0 -0.000669858
484 0.008 -0.497476 0.0501809 0.0 0.0 0.0 -0.000630591
485 0.008 -0.497781 0.0470542 0.0 0.0 0.0 -0.0005913
486 0.008 -0.498067 0.0439256 0.0 0.0 0.0 -0.000551985
487 0.008 -0.498333 0.0407953 0.0 0.0 0.0 -0.000512649
488 0.008 -0.498579 0.0376634 0.0 0.0 0.0 -0.000473292
489 0.008 -0.498806 0.03453 0.0 0.0 0.0 -0.000433917
490 0.008 -0.499013 0.0313953 0.0 0.0 0.0 -0.000394524
491 0.008 -0.499201 0.0282593 0.0 0.0 0.0 -0.000355116
492 0.008 -0.499368 0.0251222 0.0 0.0 0.0 -0.000315694
493 0.008 -0.499516 0.0219841 0.0 0.0 0.0 -0.00027626
494 0.008 -0.499645 0.0188451 0.0 0.0 0.0 -0.000236814
495 0.008 -0.499753 0.0157054 0.0 0.0 0.0 -0.00019736
496 0.008 -0.499842 0.012565 0.0 0.0 0.0 -0.000157897
497 0.008 -0.499911 0.00942422 0.0 0.0 0.0 -0.000118428
498 0.008 -0.499961 0.00628302 0.0 0.0 0.0 -7.89548e-005
499 0.008 -0.49999 0.00314157 0.0 0.0 0.0 -3.94782e-005
500 0.008 -0.5 6.12323e-017 0.0 0.0 0.0 -1.14236e-016
501 0.008 -0.49999 -0.00314157 0.0 0.0 0.0 3.94782e-005
502 0.008 -0.499961 -0.00628302 0.0 0.0 0.0 7.89548e-005
503 0.008 -0.499911 -0.00942422 0.0 0.0 0.0 0.000118428
504 0.008 -0.499842 -0.012565 0.0 0.0 0.0 0.000157897
505 0.008 -0.499753 -0.0157054 0.0 0.0 0.0 0.00019736
506 0.008 -0.499645 -0.0188451 0.0 0.0 0.0 0.000236814
507 0.008 -0.499516 -0.0219841 0.0 0.0 0.0 0.00027626
508 0.008 -0.499368 -0.0251222 0.0 0.0 0.0 0.000315694
509 0.008 -0.499201 -0.0282593 0.0 0.0 0.0 0.000355116
510 0.008 -0.499013 -0.0313953 0.0 0.0 0.0 0.000394524
511 0.008 -0.498806 -0.03453 0.0 0.0 0.0 0.000433917
512 0.008 -0.498579 -0.0376634 0.0 0.0 0.0 0.000473292
513 0.008 -0.498333 -0.0407953 0.0 0.0 0.0 0.000512649
514 0.008 -0.498067 -0.0439256 0.0 0.0 0.0 0.000551985
515 0.008 -0.497781 -0.0470542 0.0 0.0 0.0 0.0005913
516 0.008 -0.497476 -0.0501809 0.0 0.0 0.0 0.000630591
517 0.008 -0.49715 -0.0533056 0.0 0.0 0.0 0.000669858
518 0.008 -0.496806 -0.0564282 0.0 0.0 0.0 0.000709098
519 0.008 -0.496441 -0.0595486 0.0 0.0 0.0 0.00074831
520 0.008 -0.496057 -0.0626666 0.0 0.0 0.0 0.000787492
521 0.008 -0.495654 -0.0657822 0.0 0.0 0.0 0.000826643
522 0.008 -0.495231 -0.0688951 0.0 0.0 0.0 0.000865762
523 0.008 -0.494788 -0.0720054 0.0 0.0 0.0 0.000904846
524 0.008 -0.494326 -0.0751128 0.0 0.0 0.0 0.000943895
525 0.008 -0.493844 -0.0782172 0.0 0.0 0.0 0.000982907
526 0.008 -0.493343 -0.0813186 0.0 0.0 0.0 0.00102188
527 0.008 -0.492822 -0.0844167 0.0 0.0 0.0 0.00106081
528 0.008 -0.492282 -0.0875115 0.0 0.0 0.0 0.0010997
529 0.008 -0.491723 -0.0906029 0.0 0.0 0.0 0.00113855
530 0.008 -0.491144 -0.0936907 0.0 0.0 0.0 0.00117735
531 0.008 -0.490545 -0.0967747 0.0 0.0 0.0 0.00121611
532 0.008 -0.489928 -0.099855 0.0 0.0 0.0 0.00125481
533 0.008 -0.48929 -0.102931 0.0 0.0 0.0 0.00129347
534 0.008 -0.488634 -0.106004 0.0 0.0 0.0 0.00133208
535 0.008 -0.487958 -0.109072 0.0 0.0 0.0 0.00137063
536 0.008 -0.487263 -0.112135 0.0 0.0 0.0 0.00140913
537 0.008 -0.486549 -0.115195 0.0 0.0 0.0 0.00144758
538 0.008 -0.485816 -0.118249 0.0 0.0 0.0 0.00148597
539 0.008 -0.485063 -0.1213 0.0 0.0 0.0 0.0015243
540 0.008 -0.484292 -0.124345 0.0 0.0 0.0 0.00156256
541 0.008 -0.483501 -0.127385 0.0 0.0 0.0 0.00160077
542 0.008 -0.482691 -0.130421 0.0 0.0 0.0 0.00163892
543 0.008 -0.481862 -0.133451 0.0 0.0 0.0 0.00167699
544 0.008 -0.481014 -0.136476 0.0 0.0 0.0 0.00171501
545 0.008 -0.480147 -0.139496 0.0 0.0 0.0 0.00175295
546 0.008 -0.479261 -0.14251 0.0 0.0 0.0 0.00179083
547 0.008 -0.478356 -0.145518 0.0 0.0 0.0 0.00182863
548 0.008 -0.477432 -0.148521 0.0 0.0 0.0 0.00186637
549 0.008 -0.47649 -0.151518 0.0 0.0 0.0 0.00190403
550 0.008 -0.475528 -0.154508 0.0 0.0 0.0 0.00194161
551 0.008 -0.474548 -0.157493 0.0 0.0 0.0 0.00197912
552 0.008 -0.473549 -0.160472 0.0 0.0 0.0 0.00201655
553 0.008 -0.472532 -0.163444 0.0 0.0 0.0 0.0020539
554 0.008 -0.471495 -0.16641 0.0 0.0 0.0 0.00209117
555 0.008 -0.47044 -0.169369 0.0 0.0 0.0 0.00212835
556 0.008 -0.469367 -0.172321 0.0 0.0 0.0 0.00216546
557 0.008 -0.468275 -0.175267 0.0 0.0 0.0 0.00220247
558 0.008 -0.467164 -0.178206 0.0 0.0 0.0 0.0022394
559 0.008 -0.466036 -0.181138 0.0 0.0 0.0 0.00227624
560 0.008 -0.464888 -0.184062 0.0 0.0 0.0 0.00231299
561 0.008 -0.463723 -0.18698 0.0 0.0 0.0 0.00234965
562 0.008 -0.462539 -0.18989 0.0 0.0 0.0 0.00238622
563 0.008 -0.461336 -0.192792 0.0 0.0 0.0 0.0024227
564 0.008 -0.460116 -0.195687 0.0 0.0 0.0 0.00245907
565 0.008 -0.458877 -0.198574 0.0 0.0 0.0 0.00249535
566 0.008 -0.457621 -0.201453 0.0 0.0 0.0 0.00253154
567 0.008 -0.456346 -0.204325 0.0 0.0 0.0 0.00256762
568 0.008 -0.455053 -0.207188 0.0 0.0 0.0 0.0026036
569 0.008 -0.453742 -0.210043 0.0 0.0 0.0 0.00263948
570 0.008 -0.452414 -0.21289 0.0 0.0 0.0 0.00267525
571 0.008 -0.451067 -0.215728 0.0 0.0 0.0 0.00271092
572 0.008 -0.449703 -0.218558 0.0 0.0 0.0 0.00274648
573 0.008 -0.448321 -0.221379 0.0 0.0 0.0 0.00278193
574 0.008 -0.446921 -0.224192 0.0 0.0 0.0 0.00281727
575 0.008 -0.445503 -0.226995 0.0 0.0 0.0 0.00285251
576 0.008 -0.444068 -0.22979 0.0 0.0 0.0 0.00288763
577 0.008 -0.442616 -0.232576 0.0 0.0 0.0 0.00292263
578 0.008 -0.441146 -0.235352 0.0 0.0 0.0 0.00295752
579 0.008 -0.439658 -0.238119 0.0 0.0 0.0 0.00299229
580 0.008 -0.438153 -0.240877 0.0 0.0 0.0 0.00302695
581 0.008 -0.436631 -0.243625 0.0 0.0 0.0 0.00306148
582 0.008 -0.435092 -0.246364 0.0 0.0 0.0 0.0030959
583 0.008 -0.433535 -0.249093 0.0 0.0 0.0 0.00313019
584 0.008 -0.431962 -0.251812 0.0 0.0 0.0 0.00316436
585 0.008 -0.430371 -0.254521 0.0 0.0 0.0 0.0031984
586 0.008 -0.428763 -0.25722 0.0 0.0 0.0 0.00323232
587 0.008 -0.427139 -0.259909 0.0 0.0 0.0 0.00326611
588 0.008 -0.425497 -0.262587 0.0 0.0 0.0 0.00329977
589 0.008 -0.423839 -0.265256 0.0 0.0 0.0 0.0033333
590 0.008 -0.422164 -0.267913 0.0 0.0 0.0 0.0033667
591 0.008 -0.420472 -0.270561 0.0 0.0 0.0 0.00339997
592 0.008 -0.418764 -0.273197 0.0 0.0 0.0 0.0034331
593 0.008 -0.417039 -0.275823 0.0 0.0 0.0 0.00346609
594 0.008 -0.415298 -0.278438 0.0 0.0 0.0 0.00349895
595 0.008 -0.41354 -0.281042 0.0 0.0 0.0 0.00353167
596 0.008 -0.411766 -0.283634 0.0 0.0 0.0 0.00356426
597 0.008 -0.409976 -0.286216 0.0 0.0 0.0 0.0035967
598 0.008 -0.40817 -0.288786 0.0 0.0 0.0 0.003629
599 0.008 -0.406347 -0.291345 0.0 0.0 0.0 0.00366115
600 0.008 -0.404508 -0.293893 0.0 0.0 0.0 0.00369316
601 0.008 -0.402654 -0.296428 0.0 0.0 0.0 0.00372503
602 0.008 -0.400783 -0.298952 0.0 0.0 0.0 0.00375675
603 0.008 -0.398897 -0.301465 0.0 0.0 0.0 0.00378832
604 0.008 -0.396995 -0.303965 0.0 0.0 0.0 0.00381974
605 0.008 -0.395078 -0.306454 0.0 0.0 0.0 0.00385101
606 0.008 -0.393144 -0.30893 0.0 0.0 0.0 0.00388213
607 0.008 -0.391195 -0.311394 0.0 0.0 0.0 0.00391309
608 0.008 -0.389231 -0.313846 0.0 0.0 0.0 0.0039439
609 0.008 -0.387252 -0.316285 0.0 0.0 0.0 0.00397456
610 0.008 -0.385257 -0.318712 0.0 0.0 0.0 0.00400505
611 0.008 -0.383247 -0.321126 0.0 0.0 0.0 0.00403539
612 0.008 -0.381221 -0.323528 0.0 0.0 0.0 0.00406557
613 0.008 -0.379181 -0.325917 0.0 0.0 0.0 0.00409559
614 0.008 -0.377126 -0.328293 0.0 0.0 0.0 0.00412545
615 0.008 -0.375056 -0.330656 0.0 0.0 0.0 0.00415514
616 0.008 -0.372971 -0.333006 0.0 0.0 0.0 0.00418468
617 0.008 -0.370871 -0.335343 0.0 0.0 0.0 0.00421404
618 0.008 -0.368757 -0.337666 0.0 0.0 0.0 0.00424324
619 0.008 -0.366628 -0.339977 0.0 0.0 0.0 0.00427227
620 0.008 -0.364484 -0.342274 0.0 0.0 0.0 0.00430114
621 0.008 -0.362327 -0.344557 0.0 0.0 0.0 0.00432983
622 0.008 -0.360155 -0.346827 0.0 0.0 0.0 0.00435835
623 0.008 -0.357968 -0.349083 0.0 0.0 0.0 0.0043867
624 0.008 -0.355768 -0.351325 0.0 0.0 0.0 0.00441488
625 0.008 -0.353553 -0.353553 0.0 0.0 0.0 0.00444288
626 0.008 -0.351325 -0.355768 0.0 0.0 0.0 0.00447071
627 0.008 -0.349083 -0.357968 0.0 0.0 0.0 0.00449836
628 0.008 -0.346827 -0.360155 0.0 0.0 0.0 0.00452584
629 0.008 -0.344557 -0.362327 0.0 0.0 0.0 0.00455313
630 0.008 -0.342274 -0.364484 0.0 0.0 0.0 0.00458024
631 0.008 -0.339977 -0.366628 0.0 0.0 0.0 0.00460718
632 0.008 -0.337666 -0.368757 0.0 0.0 0.0 0.00463393
633 0.008 -0.335343 -0.370871 0.0 0.0 0.0 0.0046605
634 0.008 -0.333006 -0.372971 0.0 0.0 0.0 0.00468689
635 0.008 -0.330656 -0.375056 0.0 0.0 0.0 0.00471309
636 0.008 -0.328293 -0.377126 0.0 0.0 0.0 0.0047391
637 0.008 -0.325917 -0.379181 0.0 0.0 0.0 0.00476493
638 0.008 -0.323528 -0.381221 0.0 0.0 0.0 0.00479057
639 0.008 -0.321126 -0.383247 0.0 0.0 0.0 0.00481602
640 0.008 -0.318712 -0.385257 0.0 0.0 0.0 0.00484128
641 0.008 -0.316285 -0.387252 0.0 0.0 0.0 0.00486635
642 0.008 -0.313846 -0.389231 0.0 0.0 0.0 0.00489122
643 0.008 -0.311394 -0.391195 0.0 0.0 0.0 0.00491591
644 0.008 -0.30893 -0.393144 0.0 0.0 0.0 0.0049404
645 0.008 -0.306454 -0.395078 0.0 0.0 0.0 0.00496469
646 0.008 -0.303965 -0.396995 0.0 0.0 0.0 0.00498879
647 0.008 -0.301465 -0.398897 0.0 0.0 0.0 0.00501269
648 0.008 -0.298952 -0.400783 0.0 0.0 0.0 0.00503639
649 0.008 -0.296428 -0.402654 0.0 0.0 0.0 0.0050599
650 0.008 -0.293893 -0.404508 0.0 0.0 0.0 0.0050832
651 0.008 -0.291345 -0.406347 0.0 0.0 0.0 0.00510631
652 0.008 -0.288786 -0.40817 0.0 0.0 0.0 0.00512921
653 0.008 -0.286216 -0.409976 0.0 0.0 0.0 0.00515191
654 0.008 -0.283634 -0.411766 0.0 0.0 0.0 0.00517441
655 0.008 -0.281042 -0.41354 0.0 0.0 0.0 0.0051967
656 0.008 -0.278438 -0.415298 0.0 0.0 0.0 0.00521879
657 0.008 -0.275823 -0.417039 0.0 0.0 0.0 0.00524067
658 0.008 -0.273197 -0.418764 0.0 0.0 0.0 0.00526234
659 0.008 -0.270561 -0.420472 0.0 0.0 0.0 0.00528381
660 0.008 -0.267913 -0.422164 0.0 0.0 0.0 0.00530507
661 0.008 -0.265256 -0.423839 0.0 0.0 0.0 0.00532612
662 0.008 -0.262587 -0.425497 0.0 0.0 0.0 0.00534696
663 0.008 -0.259909 -0.427139 0.0 0.0 0.0 0.00536758
664 0.008 -0.25722 -0.428763 0.0 0.0 0.0 0.005388
665 0.008 -0.254521 -0.430371 0.0 0.0 0.0 0.0054082
666 0.008 -0.251812 -0.431962 0.0 0.0 0.0 0.00542819
667 0.008 -0.249093 -0.433535 0.0 0.0 0.0 0.00544797
668 0.008 -0.246364 -0.435092 0.0 0.0 0.0 0.00546753
669 0.008 -0.243625 -0.436631 0.0 0.0 0.0 0.00548687
670 0.008 -0.240877 -0.438153 0.0 0.0 0.0 0.005506
671 0.008 -0.238119 -0.439658 0.0 0.0 0.0 0.00552491
672 0.008 -0.235352 -0.441146 0.0 0.0 0.0 0.0055436
673 0.008 -0.232576 -0.442616 0.0 0.0 0.0 0.00556207
674 0.008 -0.22979 -0.444068 0.0 0.0 0.0 0.00558033
675 0.008 -0.226995 -0.445503 0.0 0.0 0.0 0.00559836
676 0.008 -0.224192 -0.446921 0.0 0.0 0.0 0.00561617
677 0.008 -0.221379 -0.448321 0.0 0.0 0.0 0.00563376
678 0.008 -0.218558 -0.449703 0.0 0.0 0.0 0.00565113
679 0.008 -0.215728 -0.451067 0.0 0.0 0.0 0.00566827
680 0.008 -0.21289 -0.452414 0.0 0.0 0.0 0.0056852
681 0.008 -0.210043 -0.453742 0.0 0.0 0.0 0.00570189
682 0.008 -0.207188 -0.455053 0.0 0.0 0.0 0.00571836
683 0.008 -0.204325 -0.456346 0.0 0.0 0.0 0.00573461
684 0.008 -0.201453 -0.457621 0.0 0.0 0.0 0.00575063
685 0.008 -0.198574 -0.458877 0.0 0.0 0.0 0.00576642
686 0.008 -0.195687 -0.460116 0.0 0.0 0.0 0.00578199
687 0.008 -0.192792 -0.461336 0.0 0.0 0.0 0.00579732
688 0.008 -0.18989 -0.462539 0.0 0.0 0.0 0.00581243
689 0.008 -0.18698 -0.463723 0.0 0.0 0.0 0.00582731
690 0.008 -0.184062 -0.464888 0.0 0.0 0.0 0.00584196
691 0.008 -0.181138 -0.466036 0.0 0.0 0.0 0.00585638
692 0.008 -0.178206 -0.467164 0.0 0.0 0.0 0.00587056
693 0.008 -0.175267 -0.468275 0.0 0.0 0.0 0.00588452
694 0.008 -0.172321 -0.469367 0.0 0.0 0.0 0.00589824
695 0.008 -0.169369 -0.47044 0.0 0.0 0.0 0.00591173
696 0.008 -0.16641 -0.471495 0.0 0.0 0.0 0.00592498
697 0.008 -0.163444 -0.472532 0.0 0.0 0.0 0.00593801
698 0.008 -0.160472 -0.473549 0.0 0.0 0.0 0.00595079
699 0.008 -0.157493 -0.474548 0.0 0.0 0.0 0.00596335
700 0.008 -0.154508 -0.475528 0.0 0.0 0.0 0.00597566
701 0.008 -0.151518 -0.47649 0.0 0.0 0.0 0.00598775
702 0.008 -0.148521 -0.477432 0.0 0.0 0.0 0.00599959
703 0.008 -0.145518 -0.478356 0.0 0.0 0.0 0.0060112
704 0.008 -0.14251 -0.479261 0.0 0.0 0.0 0.00602257
705 0.008 -0.139496 -0.480147 0.0 0.0 0.0 0.0060337
706 0.008 -0.136476 -0.481014 0.0 0.0 0.0 0.0060446
707 0.008 -0.133451 -0.481862 0.0 0.0 0.0 0.00605525
708 0.008 -0.130421 -0.482691 0.0 0.0 0.0 0.00606567
709 0.008 -0.127385 -0.483501 0.0 0.0 0.0 0.00607585
710 0.008 -0.124345 -0.484292 0.0 0.0 0.0 0.00608579
711 0.008 -0.1213 -0.485063 0.0 0.0 0.0 0.00609549
712 0.008 -0.118249 -0.485816 0.0 0.0 0.0 0.00610494
713 0.008 -0.115195 -0.486549 0.0 0.0 0.0 0.00611416
714 0.008 -0.112135 -0.487263 0.0 0.0 0.0 0.00612313
715 0.008 -0.109072 -0.487958 0.0 0.0 0.0 0.00613187
716 0.008 -0.106004 -0.488634 0.0 0.0 0.0 0.00614036
717 0.008 -0.102931 -0.48929 0.0 0.0 0.0 0.00614861
718 0.008 -0.099855 -0.489928 0.0 0.0 0.0 0.00615661
719 0.008 -0.0967747 -0.490545 0.0 0.0 0.0 0.00616437
720 0.008 -0.0936907 -0.491144 0.0 0.0 0.0 0.00617189
721 0.008 -0.0906029 -0.491723 0.0 0.0 0.0 0.00617917
722 0.008 -0.0875115 -0.492282 0.0 0.0 0.0 0.0061862
723 0.008 -0.0844167 -0.492822 0.0 0.0 0.0 0.00619299
724 0.008 -0.0813186 -0.493343 0.0 0.0 0.0 0.00619953
725 0.008 -0.0782172 -0.493844 0.0 0.0 0.0 0.00620583
726 0.008 -0.0751128 -0.494326 0.0 0.0 0.0 0.00621188
727 0.008 -0.0720054 -0.494788 0.0 0.0 0.0 0.00621769
728 0.008 -0.0688951 -0.495231 0.0 0.0 0.0 0.00622325
729 0.008 -0.0657822 -0.495654 0.0 0.0 0.0 0.00622857
730 0.008 -0.0626666 -0.496057 0.0 0.0 0.0 0.00623364
731 0.008 -0.0595486 -0.496441 0.0 0.0 0.0 0.00623847
732 0.008 -0.0564282 -0.496806 0.0 0.0 0.0 0.00624304
733 0.008 -0.0533056 -0.49715 0.0 0.0 0.0 0.00624738
734 0.008 -0.0501809 -0.497476 0.0 0.0 0.0 0.00625146
735 0.008 -0.0470542 -0.497781 0.0 0.0 0.0 0.0062553
736 0.008 -0.0439256 -0.498067 0.0 0.0 0.0 0.00625889
737 0.008 -0.0407953 -0.498333 0.0 0.0 0.0 0.00626224
738 0.008 -0.0376634 -0.498579 0.0 0.0 0.0 0.00626533
739 0.008 -0.03453 -0.498806 0.0 0.0 0.0 0.00626818
740 0.008 -0.0313953 -0.499013 0.0 0.0 0.0 0.00627079
741 0.008 -0.0282593 -0.499201 0.0 0.0 0.0 0.00627314
742 0.008 -0.0251222 -0.499368 0.0 0.0 0.0 0.00627525
743 0.008 -0.0219841 -0.499516 0.0 0.0 0.0 0.00627711
744 0.008 -0.0188451 -0.499645 0.0 0.0 0.0 0.00627872
745 0.008 -0.0157054 -0.499753 0.0 0.0 0.0 0.00628008
746 0.008 -0.012565 -0.499842 0.0 0.0 0.0 0.0062812
747 0.008 -0.00942422 -0.499911 0.0 0.0 0.0 0.00628207
748 0.008 -0.00628302 -0.499961 0.0 0.0 0.0 0.00628269
749 0.008 -0.00314157 -0.49999 0.0 0.0 0.0 0.00628306
750 0.008 -9.18485e-017 -0.5 0.0 0.0 0.0 0.00628319
751 0.008 0.00314157 -0.49999 0.0 0.0 0.0 0.00628306
752 0.008 0.00628302 -0.499961 0.0 0.0 0.0 0.00628269
753 0.008 0.00942422 -0.499911 0.0 0.0 0.0 0.00628207
754 0.008 0.012565 -0.499842 0.0 0.0 0.0 0.0062812
755 0.008 0.0157054 -0.499753 0.0 0.0 0.0 0.00628008
756 0.008 0.0188451 -0.499645 0.0 0.0 0.0 0.00627872
757 0.008 0.0219841 -0.499516 0.0 0.0 0.0 0.00627711
758 0.008 0.0251222 -0.499368 0.0 0.0 0.0 0.00627525
759 0.008 0.0282593 -0.499201 0.0 0.0 0.0 0.00627314
760 0.008 0.0313953 -0.499013 0.0 0.0 0.0 0.00627079
761 0.008 0.03453 -0.498806 0.0 0.0 0.0 0.00626818
762 0.008 0.0376634 -0.498579 0.0 0.0 0.0 0.00626533
763 0.008 0.0407953 -0.498333 0.0 0.0 0.0 0.00626224
764 0.008 0.0439256 -0.498067 0.0 0.0 0.0 0.00625889
765 0.008 0.0470542 -0.497781 0.0 0.0 0.0 0.0062553
766 0.008 0.0501809 -0.497476 0.0 0.0 0.0 0.00625146
767 0.008 0.0533056 -0.49715 0.0 0.0 0.0 0.00624738
768 0.008 0.0564282 -0.496806 0.0 0.0 0.0 0.00624304
769 0.008 0.0595486 -0.496441 0.0 0.0 0.0 0.00623847
770 0.008 0.0626666 -0.496057 0.0 0.0 0.0 0.00623364
771 0.008 0.0657822 -0.495654 0.0 0.0 0.0 0.00622857
772 0.008 0.0688951 -0.495231 0.0 0.0 0.0 0.00622325
773 0.008 0.0720054 -0.494788 0.0 0.0 0.0 0.00621769
774 0.008 0.0751128 -0.494326 0.0 0.0 0.0 0.00621188
775 0.008 0.0782172 -0.493844 0.0 0.0 0.0 0.00620583
776 0.008 0.0813186 -0.493343 0.0 0.0 0.0 0.00619953
777 0.008 0.0844167 -0.492822 0.0 0.0 0.0 0.00619299
778 0.008 0.0875115 -0.492282 0.0 0.0 0.0 0.0061862
779 0.008 0.0906029 -0.491723 0.0 0.0 0.0 0.00617917
780 0.008 0.0936907 -0.491144 0.0 0.0 0.0 0.00617189
781 0.008 0.0967747 -0.490545 0.0 0.0 0.0 0.00616437
782 0.008 0.099855 -0.489928 0.0 0.0 0.0 0.00615661
783 0.008 0.102931 -0.48929 0.0 0.0 0.0 0.00614861
784 0.008 0.106004 -0.488634 0.0 0.0 0.0 0.00614036
785 0.008 0.109072 -0.487958 0.0 0.0 0.0 0.00613187
786 0.008 0.112135 -0.487263 0.0 0.0 0.0 0.00612313
787 0.008 0.115195 -0.486549 0.0 0.0 0.0 0.00611416
788 0.008 0.118249 -0.485816 0.0 0.0 0.0 0.00610494
789 0.008 0.1213 -0.485063 0.0 0.0 0.0 0.00609549
790 0.008 0.124345 -0.484292 0.0 0.0 0.0 0.00608579
791 0.008 0.127385 -0.483501 0.0 0.0 0.0 0.00607585
792 0.008 0.130421 -0.482691 0.0 0.0 0.0 0.00606567
793 0.008 0.133451 -0.481862 0.0 0.0 0.0 0.00605525
794 0.008 0.136476 -0.481014 0.0 0.0 0.0 0.0060446
795 0.008 0.139496 -0.480147 0.0 0.0 0.0 0.0060337
796 0.008 0.14251 -0.479261 0.0 0.0 0.0 0.00602257
797 0.008 0.145518 -0.478356 0.0 0.0 0.0 0.0060112
798 0.008 0.148521 -0.477432 0.0 0.0 0.0 0.00599959
799 0.008 0.151518 -0.47649 0.0 0.0 0.0 0.00598775
800 0.008 0.154508 -0.475528 0.0 0.0 0.0 0.00597566
801 0.008 0.157493 -0.474548 0.0 0.0 0.0 0.00596335
802 0.008 0.160472 -0.473549 0.0 0.0 0.0 0.00595079
803 0.008 0.163444 -0.472532 0.0 0.0 0.0 0.00593801
804 0.008 0.16641 -0.471495 0.0 0.0 0.0 0.00592498
805 0.008 0.169369 -0.47044 0.0 0.0 0.0 0.00591173
806 0.008 0.172321 -0.469367 0.0 0.0 0.0 0.00589824
807 0.008 0.175267 -0.468275 0.0 0.0 0.0 0.00588452
808 0.008 0.178206 -0.467164 0.0 0.0 0.0 0.00587056
809 0.008 0.181138 -0.466036 0.0 0.0 0.0 0.00585638
810 0.008 0.184062 -0.464888 0.0 0.0 0.0 0.00584196
811 0.008 0.18698 -0.463723 0.0 0.0 0.0 0.00582731
812 0.008 0.18989 -0.462539 0.0 0.0 0.0 0.00581243
813 0.008 0.192792 -0.461336 0.0 0.0 0.0 0.00579732
814 0.008 0.195687 -0.460116 0.0 0.0 0.0 0.00578199
815 0.008 0.198574 -0.458877 0.0 0.0 0.0 0.00576642
816 0.008 0.201453 -0.457621 0.0 0.0 0.0 0.00575063
817 0.008 0.204325 -0.456346 0.0 0.0 0.0 0.00573461
818 0.008 0.207188 -0.455053 0.0 0.0 0.0 0.00571836
819 0.008 0.210043 -0.453742 0.0 0.0 0.0 0.00570189
820 0.008 0.21289 -0.452414 0.0 0.0 0.0 0.0056852
821 0.008 0.215728 -0.451067 0.0 0.0 0.0 0.00566827
822 0.008 0.218558 -0.449703 0.0 0.0 0.0 0.00565113
823 0.008 0.221379 -0.448321 0.0 0.0 0.0 0.00563376
824 0.008 0.224192 -0.446921 0.0 0.0 0.0 0.00561617
825 0.008 0.226995 -0.445503 0.0 0.0 0.0 0.00559836
826 0.008 0.22979 -0.444068 0.0 0.0 0.0 0.00558033
827 0.008 0.232576 -0.442616 0.0 0.0 0.0 0.00556207
828 0.008 0.235352 -0.441146 0.0 0.0 0.0 0.0055436
829 0.008 0.238119 -0.439658 0.0 0.0 0.0 0.00552491
830 0.008 0.240877 -0.438153 0.0 0.0 0.0 0.005506
831 0.008 0.243625 -0.436631 0.0 0.0 0.0 0.00548687
832 0.008 0.246364 -0.435092 0.0 0.0 0.0 0.00546753
833 0.008 0.249093 -0.433535 0.0 0.0 0.0 0.00544797
834 0.008 0.251812 -0.431962 0.0 0.0 0.0 0.00542819
835 0.008 0.254521 -0.430371 0.0 0.0 0.0 0.0054082
836 0.008 0.25722 -0.428763 0.0 0.0 0.0 0.005388
837 0.008 0.259909 -0.427139 0.0 0.0 0.0 0.00536758
838 0.008 0.262587 -0.425497 0.0 0.0 0.0 0.00534696
839 0.008 0.265256 -0.423839 0.0 0.0 0.0 0.00532612
840 0.008 0.267913 -0.422164 0.0 0.0 0.0 0.00530507
841 0.008 0.270561 -0.420472 0.0 0.0 0.0 0.00528381
842 0.008 0.273197 -0.418764 0.0 0.0 0.0 0.00526234
843 0.008 0.275823 -0.417039 0.0 0.0 0.0 0.00524067
844 0.008 0.278438 -0.415298 0.0 0.0 0.0 0.00521879
845 0.008 0.281042 -0.41354 0.0 0.0 0.0 0.0051967
846 0.008 0.283634 -0.411766 0.0 0.0 0.0 0.00517441
847 0.008 0.286216 -0.409976 0.0 0.0 0.0 0.00515191
848 0.008 0.288786 -0.40817 0.0 0.0 0.0 0.00512921
849 0.008 0.291345 -0.406347 0.0 0.0 0.0 0.00510631
850 0.008 0.293893 -0.404508 0.0 0.0 0.0 0.0050832
851 0.008 0.296428 -0.402654 0.0 0.0 0.0 0.0050599
852 0.008 0.298952 -0.400783 0.0 0.0 0.0 0.00503639
853 0.008 0.301465 -0.398897 0.0 0.0 0.0 0.00501269
854 0.008 0.303965 -0.396995 0.0 0.0 0.0 0.00498879
855 0.008 0.306454 -0.395078 0.0 0.0 0.0 0.00496469
856 0.008 0.30893 -0.393144 0.0 0.0 0.0 0.0049404
857 0.008 0.311394 -0.391195 0.0 0.0 0.0 0.00491591
858 0.008 0.313846 -0.389231 0.0 0.0 0.0 0.00489122
859 0.008 0.316285 -0.387252 0.0 0.0 0.0 0.00486635
860 0.008 0.318712 -0.385257 0.0 0.0 0.0 0.00484128
861 0.008 0.321126 -0.383247 0.0 0.0 0.0 0.00481602
862 0.008 0.323528 -0.381221 0.0 0.0 0.0 0.00479057
863 0.008 0.325917 -0.379181 0.0 0.0 0.0 0.00476493
864 0.008 0.328293 -0.377126 0.0 0.0 0.0 0.0047391
865 0.008 0.330656 -0.375056 0.0 0.0 0.0 0.00471309
866 0.008 0.333006 -0.372971 0.0 0.0 0.0 0.00468689
867 0.008 0.335343 -0.370871 0.0 0.0 0.0 0.0046605
868 0.008 0.337666 -0.368757 0.0 0.0 0.0 0.00463393
869 0.008 0.339977 -0.366628 0.0 0.0 0.0 0.00460718
870 0.008 0.342274 -0.364484 0.0 0.0 0.0 0.00458024
871 0.008 0.344557 -0.362327 0.0 0.0 0.0 0.00455313
872 0.008 0.346827 -0.360155 0.0 0.0 0.0 0.00452584
873 0.008 0.349083 -0.357968 0.0 0.0 0.0 0.00449836
874 0.008 0.351325 -0.355768 0.0 0.0 0.0 0.00447071
875 0.008 0.353553 -0.353553 0.0 0.0 0.0 0.00444288
876 0.008 0.355768 -0.351325 0.0 0.0 0.0 0.00441488
877 0.008 0.357968 -0.349083 0.0 0.0 0.0 0.0043867
878 0.008 0.360155 -0.346827 0.0 0.0 0.0 0.00435835
879 0.008 0.362327 -0.344557 0.0 0.0 0.0 0.00432983
880 0.008 0.364484 -0.342274 0.0 0.0 0.0 0.00430114
881 0.008 0.366628 -0.339977 0.0 0.0 0.0 0.00427227
882 0.008 0.368757 -0.337666 0.0 0.0 0.0 0.00424324
883 0.008 0.370871 -0.335343 0.0 0.0 0.0 0.00421404
884 0.008 0.372971 -0.333006 0.0 0.0 0.0 0.00418468
885 0.008 0.375056 -0.330656 0.0 0.0 0.0 0.00415514
886 0.008 0.377126 -0.328293 0.0 0.0 0.0 0.00412545
887 0.008 0.379181 -0.325917 0.0 0.0 0.0 0.00409559
888 0.008 0.381221 -0.323528 0.0 0.0 0.0 0.00406557
889 0.008 0.383247 -0.321126 0.0 0.0 0.0 0.00403539
890 0.008 0.385257 -0.318712 0.0 0.0 0.0 0.00400505
891 0.008 0.387252 -0.316285 0.0 0.0 0.0 0.00397456
892 0.008 0.389231 -0.313846 0.0 0.0 0.0 0.0039439
893 0.008 0.391195 -0.311394 0.0 0.0 0.0 0.00391309
894 0.008 0.393144 -0.30893 0.0 0.0 0.0 0.00388213
895 0.008 0.395078 -0.306454 0.0 0.0 0.0 0.00385101
896 0.008 0.396995 -0.303965 0.0 0.0 0.0 0.00381974
897 0.008 0.398897 -0.301465 0.0 0.0 0.0 0.00378832
898 0.008 0.400783 -0.298952 0.0 0.0 0.0 0.00375675
899 0.008 0.402654 -0.296428 0.0 0.0 0.0 0.00372503
900 0.008 0.404508 -0.293893 0.0 0.0 0.0 0.00369316
901 0.008 0.406347 -0.291345 0.0 0.0 0.0 0.00366115
902 0.008 0.40817 -0.288786 0.0 0.0 0.0 0.003629
903 0.008 0.409976 -0.286216 0.0 0.0 0.0 0.0035967
904 0.008 0.411766 -0.283634 0.0 0.0 0.0 0.00356426
905 0.008 0.41354 -0.281042 0.0 0.0 0.0 0.00353167
906 0.008 0.415298 -0.278438 0.0 0.0 0.0 0.00349895
907 0.008 0.417039 -0.275823 0.0 0.0 0.0 0.00346609
908 0.008 0.418764 -0.273197 0.0 0.0 0.0 0.0034331
909 0.008 0.420472 -0.270561 0.0 0.0 0.0 0.00339997
910 0.008 0.422164 -0.267913 0.0 0.0 0.0 0.0033667
911 0.008 0.423839 -0.265256 0.0 0.0 0.0 0.0033333
912 0.008 0.425497 -0.262587 0.0 0.0 0.0 0.00329977
913 0.008 0.427139 -0.259909 0.0 0.0 0.0 0.00326611
914 0.008 0.428763 -0.25722 0.0 0.0 0.0 0.00323232
915 0.008 0.430371 -0.254521 0.0 0.0 0.0 0.0031984
916 0.008 0.431962 -0.251812 0.0 0.0 0.0 0.00316436
917 0.008 0.433535 -0.249093 0.0 0.0 0.0 0.00313019
918 0.008 0.435092 -0.246364 0.0 0.0 0.0 0.0030959
919 0.008 0.436631 -0.243625 0.0 0.0 0.0 0.00306148
920 0.008 0.438153 -0.240877 0.0 0.0 0.0 0.00302695
921 0.008 0.439658 -0.238119 0.0 0.0 0.0 0.00299229
922 0.008 0.441146 -0.235352 0.0 0.0 0.0 0.00295752
923 0.008 0.442616 -0.232576 0.0 0.0 0.0 0.00292263
924 0.008 0.444068 -0.22979 0.0 0.0 0.0 0.00288763
925 0.008 0.445503 -0.226995 0.0 0.0 0.0 0.00285251
926 0.008 0.446921 -0.224192 0.0 0.0 0.0 0.00281727
927 0.008 0.448321 -0.221379 0.0 0.0 0.0 0.00278193
928 0.008 0.449703 -0.218558 0.0 0.0 0.0 0.00274648
929 0.008 0.451067 -0.215728 0.0 0.0 0.0 0.00271092
930 0.008 0.452414 -0.21289 0.0 0.0 0.0 0.00267525
931 0.008 0.453742 -0.210043 0.0 0.0 0.0 0.00263948
932 0.008 0.455053 -0.207188 0.0 0.0 0.0 0.0026036
933 0.008 0.456346 -0.204325 0.0 0.0 0.0 0.00256762
934 0.008 0.457621 -0.201453 0.0 0.0 0.0 0.00253154
935 0.008 0.458877 -0.198574 0.0 0.0 0.0 0.00249535
936 0.008 0.460116 -0.195687 0.0 0.0 0.0 0.00245907
937 0.008 0.461336 -0.192792 0.0 0.0 0.0 0.0024227
938 0.008 0.462539 -0.18989 0.0 0.0 0.0 0.00238622
939 0.008 0.463723 -0.18698 0.0 0.0 0.0 0.00234965
940 0.008 0.464888 -0.184062 0.0 0.0 0.0 0.00231299
941 0.008 0.466036 -0.181138 0.0 0.0 0.0 0.00227624
942 0.008 0.467164 -0.178206 0.0 0.0 0.0 0.0022394
943 0.008 0.468275 -0.175267 0.0 0.0 0.0 0.00220247
944 0.008 0.469367 -0.172321 0.0 0.0 0.0 0.00216546
945 0.008 0.47044 -0.169369 0.0 0.0 0.0 0.00212835
946 0.008 0.471495 -0.16641 0.0 0.0 0.0 0.00209117
947 0.008 0.472532 -0.163444 0.0 0.0 0.0 0.0020539
948 0.008 0.473549 -0.160472 0.0 0.0 0.0 0.00201655
949 0.008 0.474548 -0.157493 0.0 0.0 0.0 0.00197912
950 0.008 0.475528 -0.154508 0.0 0.0 0.0 0.00194161
951 0.008 0.47649 -0.151518 0.0 0.0 0.0 0.00190403
952 0.008 0.477432 -0.148521 0.0 0.0 0.0 0.00186637
953 0.008 0.478356 -0.145518 0.0 0.0 0.0 0.00182863
954 0.008 0.479261 -0.14251 0.0 0.0 0.0 0.00179083
955 0.008 0.480147 -0.139496 0.0 0.0 0.0 0.00175295
956 0.008 0.481014 -0.136476 0.0 0.0 0.0 0.00171501
957 0.008 0.481862 -0.133451 0.0 0.0 0.0 0.00167699
958 0.008 0.482691 -0.130421 0.0 0.0 0.0 0.00163892
959 0.008 0.483501 -0.127385 0.0 0.0 0.0 0.00160077
960 0.008 0.484292 -0.124345 0.0 0.0 0.0 0.00156256
961 0.008 0.485063 -0.1213 0.0 0.0 0.0 0.0015243
962 0.008 0.485816 -0.118249 0.0 0.0 0.0 0.00148597
963 0.008 0.486549 -0.115195 0.0 0.0 0.0 0.00144758
964 0.008 0.487263 -0.112135 0.0 0.0 0.0 0.00140913
965 0.008 0.487958 -0.109072 0.0 0.0 0.0 0.00137063
966 0.008 0.488634 -0.106004 0.0 0.0 0.0 0.00133208
967 0.008 0.48929 -0.102931 0.0 0.0 0.0 0.00129347
968 0.008 0.489928 -0.099855 0.0 0.0 0.0 0.00125481
969 0.008 0.490545 -0.0967747 0.0 0.0 0.0 0.00121611
970 0.008 0.491144 -0.0936907 0.0 0.0 0.0 0.00117735
971 0.008 0.491723 -0.0906029 0.0 0.0 0.0 0.00113855
972 0.008 0.492282 -0.0875115 0.0 0.0 0.0 0.0010997
973 0.008 0.492822 -0.0844167 0.0 0.0 0.0 0.00106081
974 0.008 0.493343 -0.0813186 0.0 0.0 0.0 0.00102188
975 0.008 0.493844 -0.0782172 0.0 0.0 0.0 0.000982907
976 0.008 0.494326 -0.0751128 0.0 0.0 0.0 0.000943895
977 0.008 0.494788 -0.0720054 0.0 0.0 0.0 0.000904846
978 0.008 0.495231 -0.0688951 0.0 0.0 0.0 0.000865762
979 0.008 0.495654 -0.0657822 0.0 0.0 0.0 0.000826643
980 0.008 0.496057 -0.0626666 0.0 0.0 0.0 0.000787492
981 0.008 0.496441 -0.0595486 0.0 0.0 0.0 0.00074831
982 0.008 0.496806 -0.0564282 0.0 0.0 0.0 0.000709098
983 0.008 0.49715 -0.0533056 0.0 0.0 0.0 0.000669858
984 0.008 0.497476 -0.0501809 0.0 0.0 0.0 0.000630591
985 0.008 0.497781 -0.0470542 0.0 0.0 0.0 0.0005913
986 0.008 0.498067 -0.0439256 0.0 0.0 0.0 0.000551985
987 0.008 0.498333 -0.0407953 0.0 0.0 0.0 0.000512649
988 0.008 0.498579 -0.0376634 0.0 0.0 0.0 0.000473292
989 0.008 0.498806 -0.03453 0.0 0.0 0.0 0.000433917
990 0.008 0.499013 -0.0313953 0.0 0.0 0.0 0.000394524
991 0.008 0.499201 -0.0282593 0.0 0.0 0.0 0.000355116
992 0.008 0.499368 -0.0251222 0.0 0.0 0.0 0.000315694
993 0.008 0.499516 -0.0219841 0.0 0.0 0.0 0.00027626
994 0.008 0.499645 -0.0188451 0.0 0.0 0.0 0.000236814
995 0.008 0.499753 -0.0157054 0.0 0.0 0.0 0.00019736
996 0.008 0.499842 -0.012565 0.0 0.0 0.0 0.000157897
997 0.008 0.499911 -0.00942422 0.0 0.0 0.0 0.000118428
998 0.008 0.499961 -0.00628302 0.0 0.0 0.0 7.89548e-005
999 0.008 0.49999 -0.00314157 0.0 0.0 0.0 3.94782e-005
