--œ–Œ‘»À‹-ƒÀﬂ-œ–Œ√–¿ÃÃ€-MVE2D--
-- ÓÎË˜ÂÒÚ‚Ó-Ô‡ÌÂÎÂÈ--
1040
0 0 -1.83697e-018 0.000123117 0.00156434 6.15583e-005 0.000782172 0 -1.83743e-018 -0.996917 0.0784591 -0.0784591 -0.996917 0.00156918 1039 1
1 0.000123117 0.00156434 0.000489435 0.00309017 0.000306276 0.00232726 0.000123147 0.00156474 -0.97237 0.233445 -0.233445 -0.97237 0.00156918 0 2
2 0.000489435 0.00309017 0.00108993 0.0045399 0.000789685 0.00381504 0.000489557 0.00309094 -0.92388 0.382683 -0.382683 -0.92388 0.00156918 1 3
3 0.00108993 0.0045399 0.00190983 0.00587785 0.00149988 0.00520888 0.00109021 0.00454104 -0.85264 0.522499 -0.522499 -0.85264 0.00156918 2 4
4 0.00190983 0.00587785 0.00292893 0.00707107 0.00241938 0.00647446 0.00191031 0.00587932 -0.760406 0.649448 -0.649448 -0.760406 0.00156918 3 5
5 0.00292893 0.00707107 0.00412215 0.00809017 0.00352554 0.00758062 0.00292966 0.00707284 -0.649448 0.760406 -0.760406 -0.649448 0.00156918 4 6
6 0.00412215 0.00809017 0.0054601 0.00891007 0.00479112 0.00850012 0.00412318 0.00809219 -0.522499 0.85264 -0.85264 -0.522499 0.00156918 5 7
7 0.0054601 0.00891007 0.00690983 0.00951057 0.00618496 0.00921032 0.00546146 0.00891229 -0.382683 0.92388 -0.92388 -0.382683 0.00156918 6 8
8 0.00690983 0.00951057 0.00843566 0.00987688 0.00767274 0.00969372 0.00691156 0.00951294 -0.233445 0.97237 -0.97237 -0.233445 0.00156918 7 9
9 0.00843566 0.00987688 0.01 0.01 0.00921783 0.00993844 0.00843776 0.00987935 -0.0784591 0.996917 -0.996917 -0.0784591 0.00156918 8 10
10 0.01 0.01 0.012 0.01 0.011 0.01 0.01 0.0100025 0 1 -1 0 0.002 9 11
11 0.012 0.01 0.014 0.01 0.013 0.01 0.012 0.0100025 0 1 -1 0 0.002 10 12
12 0.014 0.01 0.016 0.01 0.015 0.01 0.014 0.0100025 0 1 -1 0 0.002 11 13
13 0.016 0.01 0.018 0.01 0.017 0.01 0.016 0.0100025 0 1 -1 0 0.002 12 14
14 0.018 0.01 0.02 0.01 0.019 0.01 0.018 0.0100025 0 1 -1 0 0.002 13 15
15 0.02 0.01 0.022 0.01 0.021 0.01 0.02 0.0100025 0 1 -1 0 0.002 14 16
16 0.022 0.01 0.024 0.01 0.023 0.01 0.022 0.0100025 0 1 -1 0 0.002 15 17
17 0.024 0.01 0.026 0.01 0.025 0.01 0.024 0.0100025 0 1 -1 0 0.002 16 18
18 0.026 0.01 0.028 0.01 0.027 0.01 0.026 0.0100025 0 1 -1 0 0.002 17 19
19 0.028 0.01 0.03 0.01 0.029 0.01 0.028 0.0100025 0 1 -1 0 0.002 18 20
20 0.03 0.01 0.032 0.01 0.031 0.01 0.03 0.0100025 0 1 -1 0 0.002 19 21
21 0.032 0.01 0.034 0.01 0.033 0.01 0.032 0.0100025 0 1 -1 0 0.002 20 22
22 0.034 0.01 0.036 0.01 0.035 0.01 0.034 0.0100025 0 1 -1 0 0.002 21 23
23 0.036 0.01 0.038 0.01 0.037 0.01 0.036 0.0100025 0 1 -1 0 0.002 22 24
24 0.038 0.01 0.04 0.01 0.039 0.01 0.038 0.0100025 0 1 -1 0 0.002 23 25
25 0.04 0.01 0.042 0.01 0.041 0.01 0.04 0.0100025 0 1 -1 0 0.002 24 26
26 0.042 0.01 0.044 0.01 0.043 0.01 0.042 0.0100025 0 1 -1 0 0.002 25 27
27 0.044 0.01 0.046 0.01 0.045 0.01 0.044 0.0100025 0 1 -1 0 0.002 26 28
28 0.046 0.01 0.048 0.01 0.047 0.01 0.046 0.0100025 0 1 -1 0 0.002 27 29
29 0.048 0.01 0.05 0.01 0.049 0.01 0.048 0.0100025 0 1 -1 0 0.002 28 30
30 0.05 0.01 0.052 0.01 0.051 0.01 0.05 0.0100025 0 1 -1 0 0.002 29 31
31 0.052 0.01 0.054 0.01 0.053 0.01 0.052 0.0100025 0 1 -1 0 0.002 30 32
32 0.054 0.01 0.056 0.01 0.055 0.01 0.054 0.0100025 0 1 -1 0 0.002 31 33
33 0.056 0.01 0.058 0.01 0.057 0.01 0.056 0.0100025 0 1 -1 0 0.002 32 34
34 0.058 0.01 0.06 0.01 0.059 0.01 0.058 0.0100025 0 1 -1 0 0.002 33 35
35 0.06 0.01 0.062 0.01 0.061 0.01 0.06 0.0100025 0 1 -1 0 0.002 34 36
36 0.062 0.01 0.064 0.01 0.063 0.01 0.062 0.0100025 0 1 -1 0 0.002 35 37
37 0.064 0.01 0.066 0.01 0.065 0.01 0.064 0.0100025 0 1 -1 0 0.002 36 38
38 0.066 0.01 0.068 0.01 0.067 0.01 0.066 0.0100025 0 1 -1 0 0.002 37 39
39 0.068 0.01 0.07 0.01 0.069 0.01 0.068 0.0100025 0 1 -1 0 0.002 38 40
40 0.07 0.01 0.072 0.01 0.071 0.01 0.07 0.0100025 0 1 -1 0 0.002 39 41
41 0.072 0.01 0.074 0.01 0.073 0.01 0.072 0.0100025 0 1 -1 0 0.002 40 42
42 0.074 0.01 0.076 0.01 0.075 0.01 0.074 0.0100025 0 1 -1 0 0.002 41 43
43 0.076 0.01 0.078 0.01 0.077 0.01 0.076 0.0100025 0 1 -1 0 0.002 42 44
44 0.078 0.01 0.08 0.01 0.079 0.01 0.078 0.0100025 0 1 -1 0 0.002 43 45
45 0.08 0.01 0.082 0.01 0.081 0.01 0.08 0.0100025 0 1 -1 0 0.002 44 46
46 0.082 0.01 0.084 0.01 0.083 0.01 0.082 0.0100025 0 1 -1 0 0.002 45 47
47 0.084 0.01 0.086 0.01 0.085 0.01 0.084 0.0100025 0 1 -1 0 0.002 46 48
48 0.086 0.01 0.088 0.01 0.087 0.01 0.086 0.0100025 0 1 -1 0 0.002 47 49
49 0.088 0.01 0.09 0.01 0.089 0.01 0.088 0.0100025 0 1 -1 0 0.002 48 50
50 0.09 0.01 0.092 0.01 0.091 0.01 0.09 0.0100025 0 1 -1 0 0.002 49 51
51 0.092 0.01 0.094 0.01 0.093 0.01 0.092 0.0100025 0 1 -1 0 0.002 50 52
52 0.094 0.01 0.096 0.01 0.095 0.01 0.094 0.0100025 0 1 -1 0 0.002 51 53
53 0.096 0.01 0.098 0.01 0.097 0.01 0.096 0.0100025 0 1 -1 0 0.002 52 54
54 0.098 0.01 0.1 0.01 0.099 0.01 0.098 0.0100025 0 1 -1 0 0.002 53 55
55 0.1 0.01 0.102 0.01 0.101 0.01 0.1 0.0100025 0 1 -1 0 0.002 54 56
56 0.102 0.01 0.104 0.01 0.103 0.01 0.102 0.0100025 0 1 -1 0 0.002 55 57
57 0.104 0.01 0.106 0.01 0.105 0.01 0.104 0.0100025 0 1 -1 0 0.002 56 58
58 0.106 0.01 0.108 0.01 0.107 0.01 0.106 0.0100025 0 1 -1 0 0.002 57 59
59 0.108 0.01 0.11 0.01 0.109 0.01 0.108 0.0100025 0 1 -1 0 0.002 58 60
60 0.11 0.01 0.112 0.01 0.111 0.01 0.11 0.0100025 0 1 -1 0 0.002 59 61
61 0.112 0.01 0.114 0.01 0.113 0.01 0.112 0.0100025 0 1 -1 0 0.002 60 62
62 0.114 0.01 0.116 0.01 0.115 0.01 0.114 0.0100025 0 1 -1 0 0.002 61 63
63 0.116 0.01 0.118 0.01 0.117 0.01 0.116 0.0100025 0 1 -1 0 0.002 62 64
64 0.118 0.01 0.12 0.01 0.119 0.01 0.118 0.0100025 0 1 -1 0 0.002 63 65
65 0.12 0.01 0.122 0.01 0.121 0.01 0.12 0.0100025 0 1 -1 0 0.002 64 66
66 0.122 0.01 0.124 0.01 0.123 0.01 0.122 0.0100025 0 1 -1 0 0.002 65 67
67 0.124 0.01 0.126 0.01 0.125 0.01 0.124 0.0100025 0 1 -1 0 0.002 66 68
68 0.126 0.01 0.128 0.01 0.127 0.01 0.126 0.0100025 0 1 -1 0 0.002 67 69
69 0.128 0.01 0.13 0.01 0.129 0.01 0.128 0.0100025 0 1 -1 0 0.002 68 70
70 0.13 0.01 0.132 0.01 0.131 0.01 0.13 0.0100025 0 1 -1 0 0.002 69 71
71 0.132 0.01 0.134 0.01 0.133 0.01 0.132 0.0100025 0 1 -1 0 0.002 70 72
72 0.134 0.01 0.136 0.01 0.135 0.01 0.134 0.0100025 0 1 -1 0 0.002 71 73
73 0.136 0.01 0.138 0.01 0.137 0.01 0.136 0.0100025 0 1 -1 0 0.002 72 74
74 0.138 0.01 0.14 0.01 0.139 0.01 0.138 0.0100025 0 1 -1 0 0.002 73 75
75 0.14 0.01 0.142 0.01 0.141 0.01 0.14 0.0100025 0 1 -1 0 0.002 74 76
76 0.142 0.01 0.144 0.01 0.143 0.01 0.142 0.0100025 0 1 -1 0 0.002 75 77
77 0.144 0.01 0.146 0.01 0.145 0.01 0.144 0.0100025 0 1 -1 0 0.002 76 78
78 0.146 0.01 0.148 0.01 0.147 0.01 0.146 0.0100025 0 1 -1 0 0.002 77 79
79 0.148 0.01 0.15 0.01 0.149 0.01 0.148 0.0100025 0 1 -1 0 0.002 78 80
80 0.15 0.01 0.152 0.01 0.151 0.01 0.15 0.0100025 0 1 -1 0 0.002 79 81
81 0.152 0.01 0.154 0.01 0.153 0.01 0.152 0.0100025 0 1 -1 0 0.002 80 82
82 0.154 0.01 0.156 0.01 0.155 0.01 0.154 0.0100025 0 1 -1 0 0.002 81 83
83 0.156 0.01 0.158 0.01 0.157 0.01 0.156 0.0100025 0 1 -1 0 0.002 82 84
84 0.158 0.01 0.16 0.01 0.159 0.01 0.158 0.0100025 0 1 -1 0 0.002 83 85
85 0.16 0.01 0.162 0.01 0.161 0.01 0.16 0.0100025 0 1 -1 0 0.002 84 86
86 0.162 0.01 0.164 0.01 0.163 0.01 0.162 0.0100025 0 1 -1 0 0.002 85 87
87 0.164 0.01 0.166 0.01 0.165 0.01 0.164 0.0100025 0 1 -1 0 0.002 86 88
88 0.166 0.01 0.168 0.01 0.167 0.01 0.166 0.0100025 0 1 -1 0 0.002 87 89
89 0.168 0.01 0.17 0.01 0.169 0.01 0.168 0.0100025 0 1 -1 0 0.002 88 90
90 0.17 0.01 0.172 0.01 0.171 0.01 0.17 0.0100025 0 1 -1 0 0.002 89 91
91 0.172 0.01 0.174 0.01 0.173 0.01 0.172 0.0100025 0 1 -1 0 0.002 90 92
92 0.174 0.01 0.176 0.01 0.175 0.01 0.174 0.0100025 0 1 -1 0 0.002 91 93
93 0.176 0.01 0.178 0.01 0.177 0.01 0.176 0.0100025 0 1 -1 0 0.002 92 94
94 0.178 0.01 0.18 0.01 0.179 0.01 0.178 0.0100025 0 1 -1 0 0.002 93 95
95 0.18 0.01 0.182 0.01 0.181 0.01 0.18 0.0100025 0 1 -1 0 0.002 94 96
96 0.182 0.01 0.184 0.01 0.183 0.01 0.182 0.0100025 0 1 -1 0 0.002 95 97
97 0.184 0.01 0.186 0.01 0.185 0.01 0.184 0.0100025 0 1 -1 0 0.002 96 98
98 0.186 0.01 0.188 0.01 0.187 0.01 0.186 0.0100025 0 1 -1 0 0.002 97 99
99 0.188 0.01 0.19 0.01 0.189 0.01 0.188 0.0100025 0 1 -1 0 0.002 98 100
100 0.19 0.01 0.192 0.01 0.191 0.01 0.19 0.0100025 0 1 -1 0 0.002 99 101
101 0.192 0.01 0.194 0.01 0.193 0.01 0.192 0.0100025 0 1 -1 0 0.002 100 102
102 0.194 0.01 0.196 0.01 0.195 0.01 0.194 0.0100025 0 1 -1 0 0.002 101 103
103 0.196 0.01 0.198 0.01 0.197 0.01 0.196 0.0100025 0 1 -1 0 0.002 102 104
104 0.198 0.01 0.2 0.01 0.199 0.01 0.198 0.0100025 0 1 -1 0 0.002 103 105
105 0.2 0.01 0.202 0.01 0.201 0.01 0.2 0.0100025 0 1 -1 0 0.002 104 106
106 0.202 0.01 0.204 0.01 0.203 0.01 0.202 0.0100025 0 1 -1 0 0.002 105 107
107 0.204 0.01 0.206 0.01 0.205 0.01 0.204 0.0100025 0 1 -1 0 0.002 106 108
108 0.206 0.01 0.208 0.01 0.207 0.01 0.206 0.0100025 0 1 -1 0 0.002 107 109
109 0.208 0.01 0.21 0.01 0.209 0.01 0.208 0.0100025 0 1 -1 0 0.002 108 110
110 0.21 0.01 0.212 0.01 0.211 0.01 0.21 0.0100025 0 1 -1 0 0.002 109 111
111 0.212 0.01 0.214 0.01 0.213 0.01 0.212 0.0100025 0 1 -1 0 0.002 110 112
112 0.214 0.01 0.216 0.01 0.215 0.01 0.214 0.0100025 0 1 -1 0 0.002 111 113
113 0.216 0.01 0.218 0.01 0.217 0.01 0.216 0.0100025 0 1 -1 0 0.002 112 114
114 0.218 0.01 0.22 0.01 0.219 0.01 0.218 0.0100025 0 1 -1 0 0.002 113 115
115 0.22 0.01 0.222 0.01 0.221 0.01 0.22 0.0100025 0 1 -1 0 0.002 114 116
116 0.222 0.01 0.224 0.01 0.223 0.01 0.222 0.0100025 0 1 -1 0 0.002 115 117
117 0.224 0.01 0.226 0.01 0.225 0.01 0.224 0.0100025 0 1 -1 0 0.002 116 118
118 0.226 0.01 0.228 0.01 0.227 0.01 0.226 0.0100025 0 1 -1 0 0.002 117 119
119 0.228 0.01 0.23 0.01 0.229 0.01 0.228 0.0100025 0 1 -1 0 0.002 118 120
120 0.23 0.01 0.232 0.01 0.231 0.01 0.23 0.0100025 0 1 -1 0 0.002 119 121
121 0.232 0.01 0.234 0.01 0.233 0.01 0.232 0.0100025 0 1 -1 0 0.002 120 122
122 0.234 0.01 0.236 0.01 0.235 0.01 0.234 0.0100025 0 1 -1 0 0.002 121 123
123 0.236 0.01 0.238 0.01 0.237 0.01 0.236 0.0100025 0 1 -1 0 0.002 122 124
124 0.238 0.01 0.24 0.01 0.239 0.01 0.238 0.0100025 0 1 -1 0 0.002 123 125
125 0.24 0.01 0.242 0.01 0.241 0.01 0.24 0.0100025 0 1 -1 0 0.002 124 126
126 0.242 0.01 0.244 0.01 0.243 0.01 0.242 0.0100025 0 1 -1 0 0.002 125 127
127 0.244 0.01 0.246 0.01 0.245 0.01 0.244 0.0100025 0 1 -1 0 0.002 126 128
128 0.246 0.01 0.248 0.01 0.247 0.01 0.246 0.0100025 0 1 -1 0 0.002 127 129
129 0.248 0.01 0.25 0.01 0.249 0.01 0.248 0.0100025 0 1 -1 0 0.002 128 130
130 0.25 0.01 0.252 0.01 0.251 0.01 0.25 0.0100025 0 1 -1 0 0.002 129 131
131 0.252 0.01 0.254 0.01 0.253 0.01 0.252 0.0100025 0 1 -1 0 0.002 130 132
132 0.254 0.01 0.256 0.01 0.255 0.01 0.254 0.0100025 0 1 -1 0 0.002 131 133
133 0.256 0.01 0.258 0.01 0.257 0.01 0.256 0.0100025 0 1 -1 0 0.002 132 134
134 0.258 0.01 0.26 0.01 0.259 0.01 0.258 0.0100025 0 1 -1 0 0.002 133 135
135 0.26 0.01 0.262 0.01 0.261 0.01 0.26 0.0100025 0 1 -1 0 0.002 134 136
136 0.262 0.01 0.264 0.01 0.263 0.01 0.262 0.0100025 0 1 -1 0 0.002 135 137
137 0.264 0.01 0.266 0.01 0.265 0.01 0.264 0.0100025 0 1 -1 0 0.002 136 138
138 0.266 0.01 0.268 0.01 0.267 0.01 0.266 0.0100025 0 1 -1 0 0.002 137 139
139 0.268 0.01 0.27 0.01 0.269 0.01 0.268 0.0100025 0 1 -1 0 0.002 138 140
140 0.27 0.01 0.272 0.01 0.271 0.01 0.27 0.0100025 0 1 -1 0 0.002 139 141
141 0.272 0.01 0.274 0.01 0.273 0.01 0.272 0.0100025 0 1 -1 0 0.002 140 142
142 0.274 0.01 0.276 0.01 0.275 0.01 0.274 0.0100025 0 1 -1 0 0.002 141 143
143 0.276 0.01 0.278 0.01 0.277 0.01 0.276 0.0100025 0 1 -1 0 0.002 142 144
144 0.278 0.01 0.28 0.01 0.279 0.01 0.278 0.0100025 0 1 -1 0 0.002 143 145
145 0.28 0.01 0.282 0.01 0.281 0.01 0.28 0.0100025 0 1 -1 0 0.002 144 146
146 0.282 0.01 0.284 0.01 0.283 0.01 0.282 0.0100025 0 1 -1 0 0.002 145 147
147 0.284 0.01 0.286 0.01 0.285 0.01 0.284 0.0100025 0 1 -1 0 0.002 146 148
148 0.286 0.01 0.288 0.01 0.287 0.01 0.286 0.0100025 0 1 -1 0 0.002 147 149
149 0.288 0.01 0.29 0.01 0.289 0.01 0.288 0.0100025 0 1 -1 0 0.002 148 150
150 0.29 0.01 0.292 0.01 0.291 0.01 0.29 0.0100025 0 1 -1 0 0.002 149 151
151 0.292 0.01 0.294 0.01 0.293 0.01 0.292 0.0100025 0 1 -1 0 0.002 150 152
152 0.294 0.01 0.296 0.01 0.295 0.01 0.294 0.0100025 0 1 -1 0 0.002 151 153
153 0.296 0.01 0.298 0.01 0.297 0.01 0.296 0.0100025 0 1 -1 0 0.002 152 154
154 0.298 0.01 0.3 0.01 0.299 0.01 0.298 0.0100025 0 1 -1 0 0.002 153 155
155 0.3 0.01 0.302 0.01 0.301 0.01 0.3 0.0100025 0 1 -1 0 0.002 154 156
156 0.302 0.01 0.304 0.01 0.303 0.01 0.302 0.0100025 0 1 -1 0 0.002 155 157
157 0.304 0.01 0.306 0.01 0.305 0.01 0.304 0.0100025 0 1 -1 0 0.002 156 158
158 0.306 0.01 0.308 0.01 0.307 0.01 0.306 0.0100025 0 1 -1 0 0.002 157 159
159 0.308 0.01 0.31 0.01 0.309 0.01 0.308 0.0100025 0 1 -1 0 0.002 158 160
160 0.31 0.01 0.312 0.01 0.311 0.01 0.31 0.0100025 0 1 -1 0 0.002 159 161
161 0.312 0.01 0.314 0.01 0.313 0.01 0.312 0.0100025 0 1 -1 0 0.002 160 162
162 0.314 0.01 0.316 0.01 0.315 0.01 0.314 0.0100025 0 1 -1 0 0.002 161 163
163 0.316 0.01 0.318 0.01 0.317 0.01 0.316 0.0100025 0 1 -1 0 0.002 162 164
164 0.318 0.01 0.32 0.01 0.319 0.01 0.318 0.0100025 0 1 -1 0 0.002 163 165
165 0.32 0.01 0.322 0.01 0.321 0.01 0.32 0.0100025 0 1 -1 0 0.002 164 166
166 0.322 0.01 0.324 0.01 0.323 0.01 0.322 0.0100025 0 1 -1 0 0.002 165 167
167 0.324 0.01 0.326 0.01 0.325 0.01 0.324 0.0100025 0 1 -1 0 0.002 166 168
168 0.326 0.01 0.328 0.01 0.327 0.01 0.326 0.0100025 0 1 -1 0 0.002 167 169
169 0.328 0.01 0.33 0.01 0.329 0.01 0.328 0.0100025 0 1 -1 0 0.002 168 170
170 0.33 0.01 0.332 0.01 0.331 0.01 0.33 0.0100025 0 1 -1 0 0.002 169 171
171 0.332 0.01 0.334 0.01 0.333 0.01 0.332 0.0100025 0 1 -1 0 0.002 170 172
172 0.334 0.01 0.336 0.01 0.335 0.01 0.334 0.0100025 0 1 -1 0 0.002 171 173
173 0.336 0.01 0.338 0.01 0.337 0.01 0.336 0.0100025 0 1 -1 0 0.002 172 174
174 0.338 0.01 0.34 0.01 0.339 0.01 0.338 0.0100025 0 1 -1 0 0.002 173 175
175 0.34 0.01 0.342 0.01 0.341 0.01 0.34 0.0100025 0 1 -1 0 0.002 174 176
176 0.342 0.01 0.344 0.01 0.343 0.01 0.342 0.0100025 0 1 -1 0 0.002 175 177
177 0.344 0.01 0.346 0.01 0.345 0.01 0.344 0.0100025 0 1 -1 0 0.002 176 178
178 0.346 0.01 0.348 0.01 0.347 0.01 0.346 0.0100025 0 1 -1 0 0.002 177 179
179 0.348 0.01 0.35 0.01 0.349 0.01 0.348 0.0100025 0 1 -1 0 0.002 178 180
180 0.35 0.01 0.352 0.01 0.351 0.01 0.35 0.0100025 0 1 -1 0 0.002 179 181
181 0.352 0.01 0.354 0.01 0.353 0.01 0.352 0.0100025 0 1 -1 0 0.002 180 182
182 0.354 0.01 0.356 0.01 0.355 0.01 0.354 0.0100025 0 1 -1 0 0.002 181 183
183 0.356 0.01 0.358 0.01 0.357 0.01 0.356 0.0100025 0 1 -1 0 0.002 182 184
184 0.358 0.01 0.36 0.01 0.359 0.01 0.358 0.0100025 0 1 -1 0 0.002 183 185
185 0.36 0.01 0.362 0.01 0.361 0.01 0.36 0.0100025 0 1 -1 0 0.002 184 186
186 0.362 0.01 0.364 0.01 0.363 0.01 0.362 0.0100025 0 1 -1 0 0.002 185 187
187 0.364 0.01 0.366 0.01 0.365 0.01 0.364 0.0100025 0 1 -1 0 0.002 186 188
188 0.366 0.01 0.368 0.01 0.367 0.01 0.366 0.0100025 0 1 -1 0 0.002 187 189
189 0.368 0.01 0.37 0.01 0.369 0.01 0.368 0.0100025 0 1 -1 0 0.002 188 190
190 0.37 0.01 0.372 0.01 0.371 0.01 0.37 0.0100025 0 1 -1 0 0.002 189 191
191 0.372 0.01 0.374 0.01 0.373 0.01 0.372 0.0100025 0 1 -1 0 0.002 190 192
192 0.374 0.01 0.376 0.01 0.375 0.01 0.374 0.0100025 0 1 -1 0 0.002 191 193
193 0.376 0.01 0.378 0.01 0.377 0.01 0.376 0.0100025 0 1 -1 0 0.002 192 194
194 0.378 0.01 0.38 0.01 0.379 0.01 0.378 0.0100025 0 1 -1 0 0.002 193 195
195 0.38 0.01 0.382 0.01 0.381 0.01 0.38 0.0100025 0 1 -1 0 0.002 194 196
196 0.382 0.01 0.384 0.01 0.383 0.01 0.382 0.0100025 0 1 -1 0 0.002 195 197
197 0.384 0.01 0.386 0.01 0.385 0.01 0.384 0.0100025 0 1 -1 0 0.002 196 198
198 0.386 0.01 0.388 0.01 0.387 0.01 0.386 0.0100025 0 1 -1 0 0.002 197 199
199 0.388 0.01 0.39 0.01 0.389 0.01 0.388 0.0100025 0 1 -1 0 0.002 198 200
200 0.39 0.01 0.392 0.01 0.391 0.01 0.39 0.0100025 0 1 -1 0 0.002 199 201
201 0.392 0.01 0.394 0.01 0.393 0.01 0.392 0.0100025 0 1 -1 0 0.002 200 202
202 0.394 0.01 0.396 0.01 0.395 0.01 0.394 0.0100025 0 1 -1 0 0.002 201 203
203 0.396 0.01 0.398 0.01 0.397 0.01 0.396 0.0100025 0 1 -1 0 0.002 202 204
204 0.398 0.01 0.4 0.01 0.399 0.01 0.398 0.0100025 0 1 -1 0 0.002 203 205
205 0.4 0.01 0.402 0.01 0.401 0.01 0.4 0.0100025 0 1 -1 0 0.002 204 206
206 0.402 0.01 0.404 0.01 0.403 0.01 0.402 0.0100025 0 1 -1 0 0.002 205 207
207 0.404 0.01 0.406 0.01 0.405 0.01 0.404 0.0100025 0 1 -1 0 0.002 206 208
208 0.406 0.01 0.408 0.01 0.407 0.01 0.406 0.0100025 0 1 -1 0 0.002 207 209
209 0.408 0.01 0.41 0.01 0.409 0.01 0.408 0.0100025 0 1 -1 0 0.002 208 210
210 0.41 0.01 0.412 0.01 0.411 0.01 0.41 0.0100025 0 1 -1 0 0.002 209 211
211 0.412 0.01 0.414 0.01 0.413 0.01 0.412 0.0100025 0 1 -1 0 0.002 210 212
212 0.414 0.01 0.416 0.01 0.415 0.01 0.414 0.0100025 0 1 -1 0 0.002 211 213
213 0.416 0.01 0.418 0.01 0.417 0.01 0.416 0.0100025 0 1 -1 0 0.002 212 214
214 0.418 0.01 0.42 0.01 0.419 0.01 0.418 0.0100025 0 1 -1 0 0.002 213 215
215 0.42 0.01 0.422 0.01 0.421 0.01 0.42 0.0100025 0 1 -1 0 0.002 214 216
216 0.422 0.01 0.424 0.01 0.423 0.01 0.422 0.0100025 0 1 -1 0 0.002 215 217
217 0.424 0.01 0.426 0.01 0.425 0.01 0.424 0.0100025 0 1 -1 0 0.002 216 218
218 0.426 0.01 0.428 0.01 0.427 0.01 0.426 0.0100025 0 1 -1 0 0.002 217 219
219 0.428 0.01 0.43 0.01 0.429 0.01 0.428 0.0100025 0 1 -1 0 0.002 218 220
220 0.43 0.01 0.432 0.01 0.431 0.01 0.43 0.0100025 0 1 -1 0 0.002 219 221
221 0.432 0.01 0.434 0.01 0.433 0.01 0.432 0.0100025 0 1 -1 0 0.002 220 222
222 0.434 0.01 0.436 0.01 0.435 0.01 0.434 0.0100025 0 1 -1 0 0.002 221 223
223 0.436 0.01 0.438 0.01 0.437 0.01 0.436 0.0100025 0 1 -1 0 0.002 222 224
224 0.438 0.01 0.44 0.01 0.439 0.01 0.438 0.0100025 0 1 -1 0 0.002 223 225
225 0.44 0.01 0.442 0.01 0.441 0.01 0.44 0.0100025 0 1 -1 0 0.002 224 226
226 0.442 0.01 0.444 0.01 0.443 0.01 0.442 0.0100025 0 1 -1 0 0.002 225 227
227 0.444 0.01 0.446 0.01 0.445 0.01 0.444 0.0100025 0 1 -1 0 0.002 226 228
228 0.446 0.01 0.448 0.01 0.447 0.01 0.446 0.0100025 0 1 -1 0 0.002 227 229
229 0.448 0.01 0.45 0.01 0.449 0.01 0.448 0.0100025 0 1 -1 0 0.002 228 230
230 0.45 0.01 0.452 0.01 0.451 0.01 0.45 0.0100025 0 1 -1 0 0.002 229 231
231 0.452 0.01 0.454 0.01 0.453 0.01 0.452 0.0100025 0 1 -1 0 0.002 230 232
232 0.454 0.01 0.456 0.01 0.455 0.01 0.454 0.0100025 0 1 -1 0 0.002 231 233
233 0.456 0.01 0.458 0.01 0.457 0.01 0.456 0.0100025 0 1 -1 0 0.002 232 234
234 0.458 0.01 0.46 0.01 0.459 0.01 0.458 0.0100025 0 1 -1 0 0.002 233 235
235 0.46 0.01 0.462 0.01 0.461 0.01 0.46 0.0100025 0 1 -1 0 0.002 234 236
236 0.462 0.01 0.464 0.01 0.463 0.01 0.462 0.0100025 0 1 -1 0 0.002 235 237
237 0.464 0.01 0.466 0.01 0.465 0.01 0.464 0.0100025 0 1 -1 0 0.002 236 238
238 0.466 0.01 0.468 0.01 0.467 0.01 0.466 0.0100025 0 1 -1 0 0.002 237 239
239 0.468 0.01 0.47 0.01 0.469 0.01 0.468 0.0100025 0 1 -1 0 0.002 238 240
240 0.47 0.01 0.472 0.01 0.471 0.01 0.47 0.0100025 0 1 -1 0 0.002 239 241
241 0.472 0.01 0.474 0.01 0.473 0.01 0.472 0.0100025 0 1 -1 0 0.002 240 242
242 0.474 0.01 0.476 0.01 0.475 0.01 0.474 0.0100025 0 1 -1 0 0.002 241 243
243 0.476 0.01 0.478 0.01 0.477 0.01 0.476 0.0100025 0 1 -1 0 0.002 242 244
244 0.478 0.01 0.48 0.01 0.479 0.01 0.478 0.0100025 0 1 -1 0 0.002 243 245
245 0.48 0.01 0.482 0.01 0.481 0.01 0.48 0.0100025 0 1 -1 0 0.002 244 246
246 0.482 0.01 0.484 0.01 0.483 0.01 0.482 0.0100025 0 1 -1 0 0.002 245 247
247 0.484 0.01 0.486 0.01 0.485 0.01 0.484 0.0100025 0 1 -1 0 0.002 246 248
248 0.486 0.01 0.488 0.01 0.487 0.01 0.486 0.0100025 0 1 -1 0 0.002 247 249
249 0.488 0.01 0.49 0.01 0.489 0.01 0.488 0.0100025 0 1 -1 0 0.002 248 250
250 0.49 0.01 0.492 0.01 0.491 0.01 0.49 0.0100025 0 1 -1 0 0.002 249 251
251 0.492 0.01 0.494 0.01 0.493 0.01 0.492 0.0100025 0 1 -1 0 0.002 250 252
252 0.494 0.01 0.496 0.01 0.495 0.01 0.494 0.0100025 0 1 -1 0 0.002 251 253
253 0.496 0.01 0.498 0.01 0.497 0.01 0.496 0.0100025 0 1 -1 0 0.002 252 254
254 0.498 0.01 0.5 0.01 0.499 0.01 0.498 0.0100025 0 1 -1 0 0.002 253 255
255 0.5 0.01 0.502 0.01 0.501 0.01 0.5 0.0100025 0 1 -1 0 0.002 254 256
256 0.502 0.01 0.504 0.01 0.503 0.01 0.502 0.0100025 0 1 -1 0 0.002 255 257
257 0.504 0.01 0.506 0.01 0.505 0.01 0.504 0.0100025 0 1 -1 0 0.002 256 258
258 0.506 0.01 0.508 0.01 0.507 0.01 0.506 0.0100025 0 1 -1 0 0.002 257 259
259 0.508 0.01 0.51 0.01 0.509 0.01 0.508 0.0100025 0 1 -1 0 0.002 258 260
260 0.51 0.01 0.512 0.01 0.511 0.01 0.51 0.0100025 0 1 -1 0 0.002 259 261
261 0.512 0.01 0.514 0.01 0.513 0.01 0.512 0.0100025 0 1 -1 0 0.002 260 262
262 0.514 0.01 0.516 0.01 0.515 0.01 0.514 0.0100025 0 1 -1 0 0.002 261 263
263 0.516 0.01 0.518 0.01 0.517 0.01 0.516 0.0100025 0 1 -1 0 0.002 262 264
264 0.518 0.01 0.52 0.01 0.519 0.01 0.518 0.0100025 0 1 -1 0 0.002 263 265
265 0.52 0.01 0.522 0.01 0.521 0.01 0.52 0.0100025 0 1 -1 0 0.002 264 266
266 0.522 0.01 0.524 0.01 0.523 0.01 0.522 0.0100025 0 1 -1 0 0.002 265 267
267 0.524 0.01 0.526 0.01 0.525 0.01 0.524 0.0100025 0 1 -1 0 0.002 266 268
268 0.526 0.01 0.528 0.01 0.527 0.01 0.526 0.0100025 0 1 -1 0 0.002 267 269
269 0.528 0.01 0.53 0.01 0.529 0.01 0.528 0.0100025 0 1 -1 0 0.002 268 270
270 0.53 0.01 0.532 0.01 0.531 0.01 0.53 0.0100025 0 1 -1 0 0.002 269 271
271 0.532 0.01 0.534 0.01 0.533 0.01 0.532 0.0100025 0 1 -1 0 0.002 270 272
272 0.534 0.01 0.536 0.01 0.535 0.01 0.534 0.0100025 0 1 -1 0 0.002 271 273
273 0.536 0.01 0.538 0.01 0.537 0.01 0.536 0.0100025 0 1 -1 0 0.002 272 274
274 0.538 0.01 0.54 0.01 0.539 0.01 0.538 0.0100025 0 1 -1 0 0.002 273 275
275 0.54 0.01 0.542 0.01 0.541 0.01 0.54 0.0100025 0 1 -1 0 0.002 274 276
276 0.542 0.01 0.544 0.01 0.543 0.01 0.542 0.0100025 0 1 -1 0 0.002 275 277
277 0.544 0.01 0.546 0.01 0.545 0.01 0.544 0.0100025 0 1 -1 0 0.002 276 278
278 0.546 0.01 0.548 0.01 0.547 0.01 0.546 0.0100025 0 1 -1 0 0.002 277 279
279 0.548 0.01 0.55 0.01 0.549 0.01 0.548 0.0100025 0 1 -1 0 0.002 278 280
280 0.55 0.01 0.552 0.01 0.551 0.01 0.55 0.0100025 0 1 -1 0 0.002 279 281
281 0.552 0.01 0.554 0.01 0.553 0.01 0.552 0.0100025 0 1 -1 0 0.002 280 282
282 0.554 0.01 0.556 0.01 0.555 0.01 0.554 0.0100025 0 1 -1 0 0.002 281 283
283 0.556 0.01 0.558 0.01 0.557 0.01 0.556 0.0100025 0 1 -1 0 0.002 282 284
284 0.558 0.01 0.56 0.01 0.559 0.01 0.558 0.0100025 0 1 -1 0 0.002 283 285
285 0.56 0.01 0.562 0.01 0.561 0.01 0.56 0.0100025 0 1 -1 0 0.002 284 286
286 0.562 0.01 0.564 0.01 0.563 0.01 0.562 0.0100025 0 1 -1 0 0.002 285 287
287 0.564 0.01 0.566 0.01 0.565 0.01 0.564 0.0100025 0 1 -1 0 0.002 286 288
288 0.566 0.01 0.568 0.01 0.567 0.01 0.566 0.0100025 0 1 -1 0 0.002 287 289
289 0.568 0.01 0.57 0.01 0.569 0.01 0.568 0.0100025 0 1 -1 0 0.002 288 290
290 0.57 0.01 0.572 0.01 0.571 0.01 0.57 0.0100025 0 1 -1 0 0.002 289 291
291 0.572 0.01 0.574 0.01 0.573 0.01 0.572 0.0100025 0 1 -1 0 0.002 290 292
292 0.574 0.01 0.576 0.01 0.575 0.01 0.574 0.0100025 0 1 -1 0 0.002 291 293
293 0.576 0.01 0.578 0.01 0.577 0.01 0.576 0.0100025 0 1 -1 0 0.002 292 294
294 0.578 0.01 0.58 0.01 0.579 0.01 0.578 0.0100025 0 1 -1 0 0.002 293 295
295 0.58 0.01 0.582 0.01 0.581 0.01 0.58 0.0100025 0 1 -1 0 0.002 294 296
296 0.582 0.01 0.584 0.01 0.583 0.01 0.582 0.0100025 0 1 -1 0 0.002 295 297
297 0.584 0.01 0.586 0.01 0.585 0.01 0.584 0.0100025 0 1 -1 0 0.002 296 298
298 0.586 0.01 0.588 0.01 0.587 0.01 0.586 0.0100025 0 1 -1 0 0.002 297 299
299 0.588 0.01 0.59 0.01 0.589 0.01 0.588 0.0100025 0 1 -1 0 0.002 298 300
300 0.59 0.01 0.592 0.01 0.591 0.01 0.59 0.0100025 0 1 -1 0 0.002 299 301
301 0.592 0.01 0.594 0.01 0.593 0.01 0.592 0.0100025 0 1 -1 0 0.002 300 302
302 0.594 0.01 0.596 0.01 0.595 0.01 0.594 0.0100025 0 1 -1 0 0.002 301 303
303 0.596 0.01 0.598 0.01 0.597 0.01 0.596 0.0100025 0 1 -1 0 0.002 302 304
304 0.598 0.01 0.6 0.01 0.599 0.01 0.598 0.0100025 0 1 -1 0 0.002 303 305
305 0.6 0.01 0.602 0.01 0.601 0.01 0.6 0.0100025 0 1 -1 0 0.002 304 306
306 0.602 0.01 0.604 0.01 0.603 0.01 0.602 0.0100025 0 1 -1 0 0.002 305 307
307 0.604 0.01 0.606 0.01 0.605 0.01 0.604 0.0100025 0 1 -1 0 0.002 306 308
308 0.606 0.01 0.608 0.01 0.607 0.01 0.606 0.0100025 0 1 -1 0 0.002 307 309
309 0.608 0.01 0.61 0.01 0.609 0.01 0.608 0.0100025 0 1 -1 0 0.002 308 310
310 0.61 0.01 0.612 0.01 0.611 0.01 0.61 0.0100025 0 1 -1 0 0.002 309 311
311 0.612 0.01 0.614 0.01 0.613 0.01 0.612 0.0100025 0 1 -1 0 0.002 310 312
312 0.614 0.01 0.616 0.01 0.615 0.01 0.614 0.0100025 0 1 -1 0 0.002 311 313
313 0.616 0.01 0.618 0.01 0.617 0.01 0.616 0.0100025 0 1 -1 0 0.002 312 314
314 0.618 0.01 0.62 0.01 0.619 0.01 0.618 0.0100025 0 1 -1 0 0.002 313 315
315 0.62 0.01 0.622 0.01 0.621 0.01 0.62 0.0100025 0 1 -1 0 0.002 314 316
316 0.622 0.01 0.624 0.01 0.623 0.01 0.622 0.0100025 0 1 -1 0 0.002 315 317
317 0.624 0.01 0.626 0.01 0.625 0.01 0.624 0.0100025 0 1 -1 0 0.002 316 318
318 0.626 0.01 0.628 0.01 0.627 0.01 0.626 0.0100025 0 1 -1 0 0.002 317 319
319 0.628 0.01 0.63 0.01 0.629 0.01 0.628 0.0100025 0 1 -1 0 0.002 318 320
320 0.63 0.01 0.632 0.01 0.631 0.01 0.63 0.0100025 0 1 -1 0 0.002 319 321
321 0.632 0.01 0.634 0.01 0.633 0.01 0.632 0.0100025 0 1 -1 0 0.002 320 322
322 0.634 0.01 0.636 0.01 0.635 0.01 0.634 0.0100025 0 1 -1 0 0.002 321 323
323 0.636 0.01 0.638 0.01 0.637 0.01 0.636 0.0100025 0 1 -1 0 0.002 322 324
324 0.638 0.01 0.64 0.01 0.639 0.01 0.638 0.0100025 0 1 -1 0 0.002 323 325
325 0.64 0.01 0.642 0.01 0.641 0.01 0.64 0.0100025 0 1 -1 0 0.002 324 326
326 0.642 0.01 0.644 0.01 0.643 0.01 0.642 0.0100025 0 1 -1 0 0.002 325 327
327 0.644 0.01 0.646 0.01 0.645 0.01 0.644 0.0100025 0 1 -1 0 0.002 326 328
328 0.646 0.01 0.648 0.01 0.647 0.01 0.646 0.0100025 0 1 -1 0 0.002 327 329
329 0.648 0.01 0.65 0.01 0.649 0.01 0.648 0.0100025 0 1 -1 0 0.002 328 330
330 0.65 0.01 0.652 0.01 0.651 0.01 0.65 0.0100025 0 1 -1 0 0.002 329 331
331 0.652 0.01 0.654 0.01 0.653 0.01 0.652 0.0100025 0 1 -1 0 0.002 330 332
332 0.654 0.01 0.656 0.01 0.655 0.01 0.654 0.0100025 0 1 -1 0 0.002 331 333
333 0.656 0.01 0.658 0.01 0.657 0.01 0.656 0.0100025 0 1 -1 0 0.002 332 334
334 0.658 0.01 0.66 0.01 0.659 0.01 0.658 0.0100025 0 1 -1 0 0.002 333 335
335 0.66 0.01 0.662 0.01 0.661 0.01 0.66 0.0100025 0 1 -1 0 0.002 334 336
336 0.662 0.01 0.664 0.01 0.663 0.01 0.662 0.0100025 0 1 -1 0 0.002 335 337
337 0.664 0.01 0.666 0.01 0.665 0.01 0.664 0.0100025 0 1 -1 0 0.002 336 338
338 0.666 0.01 0.668 0.01 0.667 0.01 0.666 0.0100025 0 1 -1 0 0.002 337 339
339 0.668 0.01 0.67 0.01 0.669 0.01 0.668 0.0100025 0 1 -1 0 0.002 338 340
340 0.67 0.01 0.672 0.01 0.671 0.01 0.67 0.0100025 0 1 -1 0 0.002 339 341
341 0.672 0.01 0.674 0.01 0.673 0.01 0.672 0.0100025 0 1 -1 0 0.002 340 342
342 0.674 0.01 0.676 0.01 0.675 0.01 0.674 0.0100025 0 1 -1 0 0.002 341 343
343 0.676 0.01 0.678 0.01 0.677 0.01 0.676 0.0100025 0 1 -1 0 0.002 342 344
344 0.678 0.01 0.68 0.01 0.679 0.01 0.678 0.0100025 0 1 -1 0 0.002 343 345
345 0.68 0.01 0.682 0.01 0.681 0.01 0.68 0.0100025 0 1 -1 0 0.002 344 346
346 0.682 0.01 0.684 0.01 0.683 0.01 0.682 0.0100025 0 1 -1 0 0.002 345 347
347 0.684 0.01 0.686 0.01 0.685 0.01 0.684 0.0100025 0 1 -1 0 0.002 346 348
348 0.686 0.01 0.688 0.01 0.687 0.01 0.686 0.0100025 0 1 -1 0 0.002 347 349
349 0.688 0.01 0.69 0.01 0.689 0.01 0.688 0.0100025 0 1 -1 0 0.002 348 350
350 0.69 0.01 0.692 0.01 0.691 0.01 0.69 0.0100025 0 1 -1 0 0.002 349 351
351 0.692 0.01 0.694 0.01 0.693 0.01 0.692 0.0100025 0 1 -1 0 0.002 350 352
352 0.694 0.01 0.696 0.01 0.695 0.01 0.694 0.0100025 0 1 -1 0 0.002 351 353
353 0.696 0.01 0.698 0.01 0.697 0.01 0.696 0.0100025 0 1 -1 0 0.002 352 354
354 0.698 0.01 0.7 0.01 0.699 0.01 0.698 0.0100025 0 1 -1 0 0.002 353 355
355 0.7 0.01 0.702 0.01 0.701 0.01 0.7 0.0100025 0 1 -1 0 0.002 354 356
356 0.702 0.01 0.704 0.01 0.703 0.01 0.702 0.0100025 0 1 -1 0 0.002 355 357
357 0.704 0.01 0.706 0.01 0.705 0.01 0.704 0.0100025 0 1 -1 0 0.002 356 358
358 0.706 0.01 0.708 0.01 0.707 0.01 0.706 0.0100025 0 1 -1 0 0.002 357 359
359 0.708 0.01 0.71 0.01 0.709 0.01 0.708 0.0100025 0 1 -1 0 0.002 358 360
360 0.71 0.01 0.712 0.01 0.711 0.01 0.71 0.0100025 0 1 -1 0 0.002 359 361
361 0.712 0.01 0.714 0.01 0.713 0.01 0.712 0.0100025 0 1 -1 0 0.002 360 362
362 0.714 0.01 0.716 0.01 0.715 0.01 0.714 0.0100025 0 1 -1 0 0.002 361 363
363 0.716 0.01 0.718 0.01 0.717 0.01 0.716 0.0100025 0 1 -1 0 0.002 362 364
364 0.718 0.01 0.72 0.01 0.719 0.01 0.718 0.0100025 0 1 -1 0 0.002 363 365
365 0.72 0.01 0.722 0.01 0.721 0.01 0.72 0.0100025 0 1 -1 0 0.002 364 366
366 0.722 0.01 0.724 0.01 0.723 0.01 0.722 0.0100025 0 1 -1 0 0.002 365 367
367 0.724 0.01 0.726 0.01 0.725 0.01 0.724 0.0100025 0 1 -1 0 0.002 366 368
368 0.726 0.01 0.728 0.01 0.727 0.01 0.726 0.0100025 0 1 -1 0 0.002 367 369
369 0.728 0.01 0.73 0.01 0.729 0.01 0.728 0.0100025 0 1 -1 0 0.002 368 370
370 0.73 0.01 0.732 0.01 0.731 0.01 0.73 0.0100025 0 1 -1 0 0.002 369 371
371 0.732 0.01 0.734 0.01 0.733 0.01 0.732 0.0100025 0 1 -1 0 0.002 370 372
372 0.734 0.01 0.736 0.01 0.735 0.01 0.734 0.0100025 0 1 -1 0 0.002 371 373
373 0.736 0.01 0.738 0.01 0.737 0.01 0.736 0.0100025 0 1 -1 0 0.002 372 374
374 0.738 0.01 0.74 0.01 0.739 0.01 0.738 0.0100025 0 1 -1 0 0.002 373 375
375 0.74 0.01 0.742 0.01 0.741 0.01 0.74 0.0100025 0 1 -1 0 0.002 374 376
376 0.742 0.01 0.744 0.01 0.743 0.01 0.742 0.0100025 0 1 -1 0 0.002 375 377
377 0.744 0.01 0.746 0.01 0.745 0.01 0.744 0.0100025 0 1 -1 0 0.002 376 378
378 0.746 0.01 0.748 0.01 0.747 0.01 0.746 0.0100025 0 1 -1 0 0.002 377 379
379 0.748 0.01 0.75 0.01 0.749 0.01 0.748 0.0100025 0 1 -1 0 0.002 378 380
380 0.75 0.01 0.752 0.01 0.751 0.01 0.75 0.0100025 0 1 -1 0 0.002 379 381
381 0.752 0.01 0.754 0.01 0.753 0.01 0.752 0.0100025 0 1 -1 0 0.002 380 382
382 0.754 0.01 0.756 0.01 0.755 0.01 0.754 0.0100025 0 1 -1 0 0.002 381 383
383 0.756 0.01 0.758 0.01 0.757 0.01 0.756 0.0100025 0 1 -1 0 0.002 382 384
384 0.758 0.01 0.76 0.01 0.759 0.01 0.758 0.0100025 0 1 -1 0 0.002 383 385
385 0.76 0.01 0.762 0.01 0.761 0.01 0.76 0.0100025 0 1 -1 0 0.002 384 386
386 0.762 0.01 0.764 0.01 0.763 0.01 0.762 0.0100025 0 1 -1 0 0.002 385 387
387 0.764 0.01 0.766 0.01 0.765 0.01 0.764 0.0100025 0 1 -1 0 0.002 386 388
388 0.766 0.01 0.768 0.01 0.767 0.01 0.766 0.0100025 0 1 -1 0 0.002 387 389
389 0.768 0.01 0.77 0.01 0.769 0.01 0.768 0.0100025 0 1 -1 0 0.002 388 390
390 0.77 0.01 0.772 0.01 0.771 0.01 0.77 0.0100025 0 1 -1 0 0.002 389 391
391 0.772 0.01 0.774 0.01 0.773 0.01 0.772 0.0100025 0 1 -1 0 0.002 390 392
392 0.774 0.01 0.776 0.01 0.775 0.01 0.774 0.0100025 0 1 -1 0 0.002 391 393
393 0.776 0.01 0.778 0.01 0.777 0.01 0.776 0.0100025 0 1 -1 0 0.002 392 394
394 0.778 0.01 0.78 0.01 0.779 0.01 0.778 0.0100025 0 1 -1 0 0.002 393 395
395 0.78 0.01 0.782 0.01 0.781 0.01 0.78 0.0100025 0 1 -1 0 0.002 394 396
396 0.782 0.01 0.784 0.01 0.783 0.01 0.782 0.0100025 0 1 -1 0 0.002 395 397
397 0.784 0.01 0.786 0.01 0.785 0.01 0.784 0.0100025 0 1 -1 0 0.002 396 398
398 0.786 0.01 0.788 0.01 0.787 0.01 0.786 0.0100025 0 1 -1 0 0.002 397 399
399 0.788 0.01 0.79 0.01 0.789 0.01 0.788 0.0100025 0 1 -1 0 0.002 398 400
400 0.79 0.01 0.792 0.01 0.791 0.01 0.79 0.0100025 0 1 -1 0 0.002 399 401
401 0.792 0.01 0.794 0.01 0.793 0.01 0.792 0.0100025 0 1 -1 0 0.002 400 402
402 0.794 0.01 0.796 0.01 0.795 0.01 0.794 0.0100025 0 1 -1 0 0.002 401 403
403 0.796 0.01 0.798 0.01 0.797 0.01 0.796 0.0100025 0 1 -1 0 0.002 402 404
404 0.798 0.01 0.8 0.01 0.799 0.01 0.798 0.0100025 0 1 -1 0 0.002 403 405
405 0.8 0.01 0.802 0.01 0.801 0.01 0.8 0.0100025 0 1 -1 0 0.002 404 406
406 0.802 0.01 0.804 0.01 0.803 0.01 0.802 0.0100025 0 1 -1 0 0.002 405 407
407 0.804 0.01 0.806 0.01 0.805 0.01 0.804 0.0100025 0 1 -1 0 0.002 406 408
408 0.806 0.01 0.808 0.01 0.807 0.01 0.806 0.0100025 0 1 -1 0 0.002 407 409
409 0.808 0.01 0.81 0.01 0.809 0.01 0.808 0.0100025 0 1 -1 0 0.002 408 410
410 0.81 0.01 0.812 0.01 0.811 0.01 0.81 0.0100025 0 1 -1 0 0.002 409 411
411 0.812 0.01 0.814 0.01 0.813 0.01 0.812 0.0100025 0 1 -1 0 0.002 410 412
412 0.814 0.01 0.816 0.01 0.815 0.01 0.814 0.0100025 0 1 -1 0 0.002 411 413
413 0.816 0.01 0.818 0.01 0.817 0.01 0.816 0.0100025 0 1 -1 0 0.002 412 414
414 0.818 0.01 0.82 0.01 0.819 0.01 0.818 0.0100025 0 1 -1 0 0.002 413 415
415 0.82 0.01 0.822 0.01 0.821 0.01 0.82 0.0100025 0 1 -1 0 0.002 414 416
416 0.822 0.01 0.824 0.01 0.823 0.01 0.822 0.0100025 0 1 -1 0 0.002 415 417
417 0.824 0.01 0.826 0.01 0.825 0.01 0.824 0.0100025 0 1 -1 0 0.002 416 418
418 0.826 0.01 0.828 0.01 0.827 0.01 0.826 0.0100025 0 1 -1 0 0.002 417 419
419 0.828 0.01 0.83 0.01 0.829 0.01 0.828 0.0100025 0 1 -1 0 0.002 418 420
420 0.83 0.01 0.832 0.01 0.831 0.01 0.83 0.0100025 0 1 -1 0 0.002 419 421
421 0.832 0.01 0.834 0.01 0.833 0.01 0.832 0.0100025 0 1 -1 0 0.002 420 422
422 0.834 0.01 0.836 0.01 0.835 0.01 0.834 0.0100025 0 1 -1 0 0.002 421 423
423 0.836 0.01 0.838 0.01 0.837 0.01 0.836 0.0100025 0 1 -1 0 0.002 422 424
424 0.838 0.01 0.84 0.01 0.839 0.01 0.838 0.0100025 0 1 -1 0 0.002 423 425
425 0.84 0.01 0.842 0.01 0.841 0.01 0.84 0.0100025 0 1 -1 0 0.002 424 426
426 0.842 0.01 0.844 0.01 0.843 0.01 0.842 0.0100025 0 1 -1 0 0.002 425 427
427 0.844 0.01 0.846 0.01 0.845 0.01 0.844 0.0100025 0 1 -1 0 0.002 426 428
428 0.846 0.01 0.848 0.01 0.847 0.01 0.846 0.0100025 0 1 -1 0 0.002 427 429
429 0.848 0.01 0.85 0.01 0.849 0.01 0.848 0.0100025 0 1 -1 0 0.002 428 430
430 0.85 0.01 0.852 0.01 0.851 0.01 0.85 0.0100025 0 1 -1 0 0.002 429 431
431 0.852 0.01 0.854 0.01 0.853 0.01 0.852 0.0100025 0 1 -1 0 0.002 430 432
432 0.854 0.01 0.856 0.01 0.855 0.01 0.854 0.0100025 0 1 -1 0 0.002 431 433
433 0.856 0.01 0.858 0.01 0.857 0.01 0.856 0.0100025 0 1 -1 0 0.002 432 434
434 0.858 0.01 0.86 0.01 0.859 0.01 0.858 0.0100025 0 1 -1 0 0.002 433 435
435 0.86 0.01 0.862 0.01 0.861 0.01 0.86 0.0100025 0 1 -1 0 0.002 434 436
436 0.862 0.01 0.864 0.01 0.863 0.01 0.862 0.0100025 0 1 -1 0 0.002 435 437
437 0.864 0.01 0.866 0.01 0.865 0.01 0.864 0.0100025 0 1 -1 0 0.002 436 438
438 0.866 0.01 0.868 0.01 0.867 0.01 0.866 0.0100025 0 1 -1 0 0.002 437 439
439 0.868 0.01 0.87 0.01 0.869 0.01 0.868 0.0100025 0 1 -1 0 0.002 438 440
440 0.87 0.01 0.872 0.01 0.871 0.01 0.87 0.0100025 0 1 -1 0 0.002 439 441
441 0.872 0.01 0.874 0.01 0.873 0.01 0.872 0.0100025 0 1 -1 0 0.002 440 442
442 0.874 0.01 0.876 0.01 0.875 0.01 0.874 0.0100025 0 1 -1 0 0.002 441 443
443 0.876 0.01 0.878 0.01 0.877 0.01 0.876 0.0100025 0 1 -1 0 0.002 442 444
444 0.878 0.01 0.88 0.01 0.879 0.01 0.878 0.0100025 0 1 -1 0 0.002 443 445
445 0.88 0.01 0.882 0.01 0.881 0.01 0.88 0.0100025 0 1 -1 0 0.002 444 446
446 0.882 0.01 0.884 0.01 0.883 0.01 0.882 0.0100025 0 1 -1 0 0.002 445 447
447 0.884 0.01 0.886 0.01 0.885 0.01 0.884 0.0100025 0 1 -1 0 0.002 446 448
448 0.886 0.01 0.888 0.01 0.887 0.01 0.886 0.0100025 0 1 -1 0 0.002 447 449
449 0.888 0.01 0.89 0.01 0.889 0.01 0.888 0.0100025 0 1 -1 0 0.002 448 450
450 0.89 0.01 0.892 0.01 0.891 0.01 0.89 0.0100025 0 1 -1 0 0.002 449 451
451 0.892 0.01 0.894 0.01 0.893 0.01 0.892 0.0100025 0 1 -1 0 0.002 450 452
452 0.894 0.01 0.896 0.01 0.895 0.01 0.894 0.0100025 0 1 -1 0 0.002 451 453
453 0.896 0.01 0.898 0.01 0.897 0.01 0.896 0.0100025 0 1 -1 0 0.002 452 454
454 0.898 0.01 0.9 0.01 0.899 0.01 0.898 0.0100025 0 1 -1 0 0.002 453 455
455 0.9 0.01 0.902 0.01 0.901 0.01 0.9 0.0100025 0 1 -1 0 0.002 454 456
456 0.902 0.01 0.904 0.01 0.903 0.01 0.902 0.0100025 0 1 -1 0 0.002 455 457
457 0.904 0.01 0.906 0.01 0.905 0.01 0.904 0.0100025 0 1 -1 0 0.002 456 458
458 0.906 0.01 0.908 0.01 0.907 0.01 0.906 0.0100025 0 1 -1 0 0.002 457 459
459 0.908 0.01 0.91 0.01 0.909 0.01 0.908 0.0100025 0 1 -1 0 0.002 458 460
460 0.91 0.01 0.912 0.01 0.911 0.01 0.91 0.0100025 0 1 -1 0 0.002 459 461
461 0.912 0.01 0.914 0.01 0.913 0.01 0.912 0.0100025 0 1 -1 0 0.002 460 462
462 0.914 0.01 0.916 0.01 0.915 0.01 0.914 0.0100025 0 1 -1 0 0.002 461 463
463 0.916 0.01 0.918 0.01 0.917 0.01 0.916 0.0100025 0 1 -1 0 0.002 462 464
464 0.918 0.01 0.92 0.01 0.919 0.01 0.918 0.0100025 0 1 -1 0 0.002 463 465
465 0.92 0.01 0.922 0.01 0.921 0.01 0.92 0.0100025 0 1 -1 0 0.002 464 466
466 0.922 0.01 0.924 0.01 0.923 0.01 0.922 0.0100025 0 1 -1 0 0.002 465 467
467 0.924 0.01 0.926 0.01 0.925 0.01 0.924 0.0100025 0 1 -1 0 0.002 466 468
468 0.926 0.01 0.928 0.01 0.927 0.01 0.926 0.0100025 0 1 -1 0 0.002 467 469
469 0.928 0.01 0.93 0.01 0.929 0.01 0.928 0.0100025 0 1 -1 0 0.002 468 470
470 0.93 0.01 0.932 0.01 0.931 0.01 0.93 0.0100025 0 1 -1 0 0.002 469 471
471 0.932 0.01 0.934 0.01 0.933 0.01 0.932 0.0100025 0 1 -1 0 0.002 470 472
472 0.934 0.01 0.936 0.01 0.935 0.01 0.934 0.0100025 0 1 -1 0 0.002 471 473
473 0.936 0.01 0.938 0.01 0.937 0.01 0.936 0.0100025 0 1 -1 0 0.002 472 474
474 0.938 0.01 0.94 0.01 0.939 0.01 0.938 0.0100025 0 1 -1 0 0.002 473 475
475 0.94 0.01 0.942 0.01 0.941 0.01 0.94 0.0100025 0 1 -1 0 0.002 474 476
476 0.942 0.01 0.944 0.01 0.943 0.01 0.942 0.0100025 0 1 -1 0 0.002 475 477
477 0.944 0.01 0.946 0.01 0.945 0.01 0.944 0.0100025 0 1 -1 0 0.002 476 478
478 0.946 0.01 0.948 0.01 0.947 0.01 0.946 0.0100025 0 1 -1 0 0.002 477 479
479 0.948 0.01 0.95 0.01 0.949 0.01 0.948 0.0100025 0 1 -1 0 0.002 478 480
480 0.95 0.01 0.952 0.01 0.951 0.01 0.95 0.0100025 0 1 -1 0 0.002 479 481
481 0.952 0.01 0.954 0.01 0.953 0.01 0.952 0.0100025 0 1 -1 0 0.002 480 482
482 0.954 0.01 0.956 0.01 0.955 0.01 0.954 0.0100025 0 1 -1 0 0.002 481 483
483 0.956 0.01 0.958 0.01 0.957 0.01 0.956 0.0100025 0 1 -1 0 0.002 482 484
484 0.958 0.01 0.96 0.01 0.959 0.01 0.958 0.0100025 0 1 -1 0 0.002 483 485
485 0.96 0.01 0.962 0.01 0.961 0.01 0.96 0.0100025 0 1 -1 0 0.002 484 486
486 0.962 0.01 0.964 0.01 0.963 0.01 0.962 0.0100025 0 1 -1 0 0.002 485 487
487 0.964 0.01 0.966 0.01 0.965 0.01 0.964 0.0100025 0 1 -1 0 0.002 486 488
488 0.966 0.01 0.968 0.01 0.967 0.01 0.966 0.0100025 0 1 -1 0 0.002 487 489
489 0.968 0.01 0.97 0.01 0.969 0.01 0.968 0.0100025 0 1 -1 0 0.002 488 490
490 0.97 0.01 0.972 0.01 0.971 0.01 0.97 0.0100025 0 1 -1 0 0.002 489 491
491 0.972 0.01 0.974 0.01 0.973 0.01 0.972 0.0100025 0 1 -1 0 0.002 490 492
492 0.974 0.01 0.976 0.01 0.975 0.01 0.974 0.0100025 0 1 -1 0 0.002 491 493
493 0.976 0.01 0.978 0.01 0.977 0.01 0.976 0.0100025 0 1 -1 0 0.002 492 494
494 0.978 0.01 0.98 0.01 0.979 0.01 0.978 0.0100025 0 1 -1 0 0.002 493 495
495 0.98 0.01 0.982 0.01 0.981 0.01 0.98 0.0100025 0 1 -1 0 0.002 494 496
496 0.982 0.01 0.984 0.01 0.983 0.01 0.982 0.0100025 0 1 -1 0 0.002 495 497
497 0.984 0.01 0.986 0.01 0.985 0.01 0.984 0.0100025 0 1 -1 0 0.002 496 498
498 0.986 0.01 0.988 0.01 0.987 0.01 0.986 0.0100025 0 1 -1 0 0.002 497 499
499 0.988 0.01 0.99 0.01 0.989 0.01 0.988 0.0100025 0 1 -1 0 0.002 498 500
500 0.99 0.01 0.992 0.01 0.991 0.01 0.99 0.0100025 0 1 -1 0 0.002 499 501
501 0.992 0.01 0.994 0.01 0.993 0.01 0.992 0.0100025 0 1 -1 0 0.002 500 502
502 0.994 0.01 0.996 0.01 0.995 0.01 0.994 0.0100025 0 1 -1 0 0.002 501 503
503 0.996 0.01 0.998 0.01 0.997 0.01 0.996 0.0100025 0 1 -1 0 0.002 502 504
504 0.998 0.01 1 0.01 0.999 0.01 0.998 0.0100025 0 1 -1 0 0.002 503 505
505 1 0.01 1.002 0.01 1.001 0.01 1 0.0100025 0 1 -1 0 0.002 504 506
506 1.002 0.01 1.004 0.01 1.003 0.01 1.002 0.0100025 0 1 -1 0 0.002 505 507
507 1.004 0.01 1.006 0.01 1.005 0.01 1.004 0.0100025 0 1 -1 0 0.002 506 508
508 1.006 0.01 1.008 0.01 1.007 0.01 1.006 0.0100025 0 1 -1 0 0.002 507 509
509 1.008 0.01 1.01 0.01 1.009 0.01 1.008 0.0100025 0 1 -1 0 0.002 508 510
510 1.01 0.01 1.01156 0.00987688 1.01078 0.00993844 1.01025 0.0100025 0.0784591 0.996917 -0.996917 0.0784591 0.00156918 509 511
511 1.01156 0.00987688 1.01309 0.00951057 1.01233 0.00969372 1.01182 0.00987935 0.233445 0.97237 -0.97237 0.233445 0.00156918 510 512
512 1.01309 0.00951057 1.01454 0.00891007 1.01382 0.00921032 1.01334 0.00951294 0.382683 0.92388 -0.92388 0.382683 0.00156918 511 513
513 1.01454 0.00891007 1.01588 0.00809017 1.01521 0.00850012 1.01479 0.00891229 0.522499 0.85264 -0.85264 0.522499 0.00156918 512 514
514 1.01588 0.00809017 1.01707 0.00707107 1.01647 0.00758062 1.01613 0.00809219 0.649448 0.760406 -0.760406 0.649448 0.00156918 513 515
515 1.01707 0.00707107 1.01809 0.00587785 1.01758 0.00647446 1.01733 0.00707284 0.760406 0.649448 -0.649448 0.760406 0.00156918 514 516
516 1.01809 0.00587785 1.01891 0.0045399 1.0185 0.00520888 1.01834 0.00587932 0.85264 0.522499 -0.522499 0.85264 0.00156918 515 517
517 1.01891 0.0045399 1.01951 0.00309017 1.01921 0.00381504 1.01916 0.00454104 0.92388 0.382683 -0.382683 0.92388 0.00156918 516 518
518 1.01951 0.00309017 1.01988 0.00156434 1.01969 0.00232726 1.01977 0.00309094 0.97237 0.233445 -0.233445 0.97237 0.00156918 517 519
519 1.01988 0.00156434 1.02 6.12323e-019 1.01994 0.000782172 1.02013 0.00156474 0.996917 0.0784591 -0.0784591 0.996917 0.00156918 518 520
520 1.02 6.12323e-019 1.01988 -0.00156434 1.01994 -0.000782172 1.02026 6.12476e-019 0.996917 -0.0784591 0.0784591 0.996917 0.00156918 519 521
521 1.01988 -0.00156434 1.01951 -0.00309017 1.01969 -0.00232726 1.02013 -0.00156474 0.97237 -0.233445 0.233445 0.97237 0.00156918 520 522
522 1.01951 -0.00309017 1.01891 -0.0045399 1.01921 -0.00381504 1.01977 -0.00309094 0.92388 -0.382683 0.382683 0.92388 0.00156918 521 523
523 1.01891 -0.0045399 1.01809 -0.00587785 1.0185 -0.00520888 1.01916 -0.00454104 0.85264 -0.522499 0.522499 0.85264 0.00156918 522 524
524 1.01809 -0.00587785 1.01707 -0.00707107 1.01758 -0.00647446 1.01834 -0.00587932 0.760406 -0.649448 0.649448 0.760406 0.00156918 523 525
525 1.01707 -0.00707107 1.01588 -0.00809017 1.01647 -0.00758062 1.01733 -0.00707284 0.649448 -0.760406 0.760406 0.649448 0.00156918 524 526
526 1.01588 -0.00809017 1.01454 -0.00891007 1.01521 -0.00850012 1.01613 -0.00809219 0.522499 -0.85264 0.85264 0.522499 0.00156918 525 527
527 1.01454 -0.00891007 1.01309 -0.00951057 1.01382 -0.00921032 1.01479 -0.00891229 0.382683 -0.92388 0.92388 0.382683 0.00156918 526 528
528 1.01309 -0.00951057 1.01156 -0.00987688 1.01233 -0.00969372 1.01334 -0.00951294 0.233445 -0.97237 0.97237 0.233445 0.00156918 527 529
529 1.01156 -0.00987688 1.01 -0.01 1.01078 -0.00993844 1.01182 -0.00987935 0.0784591 -0.996917 0.996917 0.0784591 0.00156918 528 530
530 1.01 -0.01 1.008 -0.01 1.009 -0.01 1.01 -0.0100025 0 -1 1 0 0.002 529 531
531 1.008 -0.01 1.006 -0.01 1.007 -0.01 1.008 -0.0100025 0 -1 1 0 0.002 530 532
532 1.006 -0.01 1.004 -0.01 1.005 -0.01 1.006 -0.0100025 0 -1 1 0 0.002 531 533
533 1.004 -0.01 1.002 -0.01 1.003 -0.01 1.004 -0.0100025 0 -1 1 0 0.002 532 534
534 1.002 -0.01 1 -0.01 1.001 -0.01 1.002 -0.0100025 0 -1 1 0 0.002 533 535
535 1 -0.01 0.998 -0.01 0.999 -0.01 1 -0.0100025 0 -1 1 0 0.002 534 536
536 0.998 -0.01 0.996 -0.01 0.997 -0.01 0.998 -0.0100025 0 -1 1 0 0.002 535 537
537 0.996 -0.01 0.994 -0.01 0.995 -0.01 0.996 -0.0100025 0 -1 1 0 0.002 536 538
538 0.994 -0.01 0.992 -0.01 0.993 -0.01 0.994 -0.0100025 0 -1 1 0 0.002 537 539
539 0.992 -0.01 0.99 -0.01 0.991 -0.01 0.992 -0.0100025 0 -1 1 0 0.002 538 540
540 0.99 -0.01 0.988 -0.01 0.989 -0.01 0.99 -0.0100025 0 -1 1 0 0.002 539 541
541 0.988 -0.01 0.986 -0.01 0.987 -0.01 0.988 -0.0100025 0 -1 1 0 0.002 540 542
542 0.986 -0.01 0.984 -0.01 0.985 -0.01 0.986 -0.0100025 0 -1 1 0 0.002 541 543
543 0.984 -0.01 0.982 -0.01 0.983 -0.01 0.984 -0.0100025 0 -1 1 0 0.002 542 544
544 0.982 -0.01 0.98 -0.01 0.981 -0.01 0.982 -0.0100025 0 -1 1 0 0.002 543 545
545 0.98 -0.01 0.978 -0.01 0.979 -0.01 0.98 -0.0100025 0 -1 1 0 0.002 544 546
546 0.978 -0.01 0.976 -0.01 0.977 -0.01 0.978 -0.0100025 0 -1 1 0 0.002 545 547
547 0.976 -0.01 0.974 -0.01 0.975 -0.01 0.976 -0.0100025 0 -1 1 0 0.002 546 548
548 0.974 -0.01 0.972 -0.01 0.973 -0.01 0.974 -0.0100025 0 -1 1 0 0.002 547 549
549 0.972 -0.01 0.97 -0.01 0.971 -0.01 0.972 -0.0100025 0 -1 1 0 0.002 548 550
550 0.97 -0.01 0.968 -0.01 0.969 -0.01 0.97 -0.0100025 0 -1 1 0 0.002 549 551
551 0.968 -0.01 0.966 -0.01 0.967 -0.01 0.968 -0.0100025 0 -1 1 0 0.002 550 552
552 0.966 -0.01 0.964 -0.01 0.965 -0.01 0.966 -0.0100025 0 -1 1 0 0.002 551 553
553 0.964 -0.01 0.962 -0.01 0.963 -0.01 0.964 -0.0100025 0 -1 1 0 0.002 552 554
554 0.962 -0.01 0.96 -0.01 0.961 -0.01 0.962 -0.0100025 0 -1 1 0 0.002 553 555
555 0.96 -0.01 0.958 -0.01 0.959 -0.01 0.96 -0.0100025 0 -1 1 0 0.002 554 556
556 0.958 -0.01 0.956 -0.01 0.957 -0.01 0.958 -0.0100025 0 -1 1 0 0.002 555 557
557 0.956 -0.01 0.954 -0.01 0.955 -0.01 0.956 -0.0100025 0 -1 1 0 0.002 556 558
558 0.954 -0.01 0.952 -0.01 0.953 -0.01 0.954 -0.0100025 0 -1 1 0 0.002 557 559
559 0.952 -0.01 0.95 -0.01 0.951 -0.01 0.952 -0.0100025 0 -1 1 0 0.002 558 560
560 0.95 -0.01 0.948 -0.01 0.949 -0.01 0.95 -0.0100025 0 -1 1 0 0.002 559 561
561 0.948 -0.01 0.946 -0.01 0.947 -0.01 0.948 -0.0100025 0 -1 1 0 0.002 560 562
562 0.946 -0.01 0.944 -0.01 0.945 -0.01 0.946 -0.0100025 0 -1 1 0 0.002 561 563
563 0.944 -0.01 0.942 -0.01 0.943 -0.01 0.944 -0.0100025 0 -1 1 0 0.002 562 564
564 0.942 -0.01 0.94 -0.01 0.941 -0.01 0.942 -0.0100025 0 -1 1 0 0.002 563 565
565 0.94 -0.01 0.938 -0.01 0.939 -0.01 0.94 -0.0100025 0 -1 1 0 0.002 564 566
566 0.938 -0.01 0.936 -0.01 0.937 -0.01 0.938 -0.0100025 0 -1 1 0 0.002 565 567
567 0.936 -0.01 0.934 -0.01 0.935 -0.01 0.936 -0.0100025 0 -1 1 0 0.002 566 568
568 0.934 -0.01 0.932 -0.01 0.933 -0.01 0.934 -0.0100025 0 -1 1 0 0.002 567 569
569 0.932 -0.01 0.93 -0.01 0.931 -0.01 0.932 -0.0100025 0 -1 1 0 0.002 568 570
570 0.93 -0.01 0.928 -0.01 0.929 -0.01 0.93 -0.0100025 0 -1 1 0 0.002 569 571
571 0.928 -0.01 0.926 -0.01 0.927 -0.01 0.928 -0.0100025 0 -1 1 0 0.002 570 572
572 0.926 -0.01 0.924 -0.01 0.925 -0.01 0.926 -0.0100025 0 -1 1 0 0.002 571 573
573 0.924 -0.01 0.922 -0.01 0.923 -0.01 0.924 -0.0100025 0 -1 1 0 0.002 572 574
574 0.922 -0.01 0.92 -0.01 0.921 -0.01 0.922 -0.0100025 0 -1 1 0 0.002 573 575
575 0.92 -0.01 0.918 -0.01 0.919 -0.01 0.92 -0.0100025 0 -1 1 0 0.002 574 576
576 0.918 -0.01 0.916 -0.01 0.917 -0.01 0.918 -0.0100025 0 -1 1 0 0.002 575 577
577 0.916 -0.01 0.914 -0.01 0.915 -0.01 0.916 -0.0100025 0 -1 1 0 0.002 576 578
578 0.914 -0.01 0.912 -0.01 0.913 -0.01 0.914 -0.0100025 0 -1 1 0 0.002 577 579
579 0.912 -0.01 0.91 -0.01 0.911 -0.01 0.912 -0.0100025 0 -1 1 0 0.002 578 580
580 0.91 -0.01 0.908 -0.01 0.909 -0.01 0.91 -0.0100025 0 -1 1 0 0.002 579 581
581 0.908 -0.01 0.906 -0.01 0.907 -0.01 0.908 -0.0100025 0 -1 1 0 0.002 580 582
582 0.906 -0.01 0.904 -0.01 0.905 -0.01 0.906 -0.0100025 0 -1 1 0 0.002 581 583
583 0.904 -0.01 0.902 -0.01 0.903 -0.01 0.904 -0.0100025 0 -1 1 0 0.002 582 584
584 0.902 -0.01 0.9 -0.01 0.901 -0.01 0.902 -0.0100025 0 -1 1 0 0.002 583 585
585 0.9 -0.01 0.898 -0.01 0.899 -0.01 0.9 -0.0100025 0 -1 1 0 0.002 584 586
586 0.898 -0.01 0.896 -0.01 0.897 -0.01 0.898 -0.0100025 0 -1 1 0 0.002 585 587
587 0.896 -0.01 0.894 -0.01 0.895 -0.01 0.896 -0.0100025 0 -1 1 0 0.002 586 588
588 0.894 -0.01 0.892 -0.01 0.893 -0.01 0.894 -0.0100025 0 -1 1 0 0.002 587 589
589 0.892 -0.01 0.89 -0.01 0.891 -0.01 0.892 -0.0100025 0 -1 1 0 0.002 588 590
590 0.89 -0.01 0.888 -0.01 0.889 -0.01 0.89 -0.0100025 0 -1 1 0 0.002 589 591
591 0.888 -0.01 0.886 -0.01 0.887 -0.01 0.888 -0.0100025 0 -1 1 0 0.002 590 592
592 0.886 -0.01 0.884 -0.01 0.885 -0.01 0.886 -0.0100025 0 -1 1 0 0.002 591 593
593 0.884 -0.01 0.882 -0.01 0.883 -0.01 0.884 -0.0100025 0 -1 1 0 0.002 592 594
594 0.882 -0.01 0.88 -0.01 0.881 -0.01 0.882 -0.0100025 0 -1 1 0 0.002 593 595
595 0.88 -0.01 0.878 -0.01 0.879 -0.01 0.88 -0.0100025 0 -1 1 0 0.002 594 596
596 0.878 -0.01 0.876 -0.01 0.877 -0.01 0.878 -0.0100025 0 -1 1 0 0.002 595 597
597 0.876 -0.01 0.874 -0.01 0.875 -0.01 0.876 -0.0100025 0 -1 1 0 0.002 596 598
598 0.874 -0.01 0.872 -0.01 0.873 -0.01 0.874 -0.0100025 0 -1 1 0 0.002 597 599
599 0.872 -0.01 0.87 -0.01 0.871 -0.01 0.872 -0.0100025 0 -1 1 0 0.002 598 600
600 0.87 -0.01 0.868 -0.01 0.869 -0.01 0.87 -0.0100025 0 -1 1 0 0.002 599 601
601 0.868 -0.01 0.866 -0.01 0.867 -0.01 0.868 -0.0100025 0 -1 1 0 0.002 600 602
602 0.866 -0.01 0.864 -0.01 0.865 -0.01 0.866 -0.0100025 0 -1 1 0 0.002 601 603
603 0.864 -0.01 0.862 -0.01 0.863 -0.01 0.864 -0.0100025 0 -1 1 0 0.002 602 604
604 0.862 -0.01 0.86 -0.01 0.861 -0.01 0.862 -0.0100025 0 -1 1 0 0.002 603 605
605 0.86 -0.01 0.858 -0.01 0.859 -0.01 0.86 -0.0100025 0 -1 1 0 0.002 604 606
606 0.858 -0.01 0.856 -0.01 0.857 -0.01 0.858 -0.0100025 0 -1 1 0 0.002 605 607
607 0.856 -0.01 0.854 -0.01 0.855 -0.01 0.856 -0.0100025 0 -1 1 0 0.002 606 608
608 0.854 -0.01 0.852 -0.01 0.853 -0.01 0.854 -0.0100025 0 -1 1 0 0.002 607 609
609 0.852 -0.01 0.85 -0.01 0.851 -0.01 0.852 -0.0100025 0 -1 1 0 0.002 608 610
610 0.85 -0.01 0.848 -0.01 0.849 -0.01 0.85 -0.0100025 0 -1 1 0 0.002 609 611
611 0.848 -0.01 0.846 -0.01 0.847 -0.01 0.848 -0.0100025 0 -1 1 0 0.002 610 612
612 0.846 -0.01 0.844 -0.01 0.845 -0.01 0.846 -0.0100025 0 -1 1 0 0.002 611 613
613 0.844 -0.01 0.842 -0.01 0.843 -0.01 0.844 -0.0100025 0 -1 1 0 0.002 612 614
614 0.842 -0.01 0.84 -0.01 0.841 -0.01 0.842 -0.0100025 0 -1 1 0 0.002 613 615
615 0.84 -0.01 0.838 -0.01 0.839 -0.01 0.84 -0.0100025 0 -1 1 0 0.002 614 616
616 0.838 -0.01 0.836 -0.01 0.837 -0.01 0.838 -0.0100025 0 -1 1 0 0.002 615 617
617 0.836 -0.01 0.834 -0.01 0.835 -0.01 0.836 -0.0100025 0 -1 1 0 0.002 616 618
618 0.834 -0.01 0.832 -0.01 0.833 -0.01 0.834 -0.0100025 0 -1 1 0 0.002 617 619
619 0.832 -0.01 0.83 -0.01 0.831 -0.01 0.832 -0.0100025 0 -1 1 0 0.002 618 620
620 0.83 -0.01 0.828 -0.01 0.829 -0.01 0.83 -0.0100025 0 -1 1 0 0.002 619 621
621 0.828 -0.01 0.826 -0.01 0.827 -0.01 0.828 -0.0100025 0 -1 1 0 0.002 620 622
622 0.826 -0.01 0.824 -0.01 0.825 -0.01 0.826 -0.0100025 0 -1 1 0 0.002 621 623
623 0.824 -0.01 0.822 -0.01 0.823 -0.01 0.824 -0.0100025 0 -1 1 0 0.002 622 624
624 0.822 -0.01 0.82 -0.01 0.821 -0.01 0.822 -0.0100025 0 -1 1 0 0.002 623 625
625 0.82 -0.01 0.818 -0.01 0.819 -0.01 0.82 -0.0100025 0 -1 1 0 0.002 624 626
626 0.818 -0.01 0.816 -0.01 0.817 -0.01 0.818 -0.0100025 0 -1 1 0 0.002 625 627
627 0.816 -0.01 0.814 -0.01 0.815 -0.01 0.816 -0.0100025 0 -1 1 0 0.002 626 628
628 0.814 -0.01 0.812 -0.01 0.813 -0.01 0.814 -0.0100025 0 -1 1 0 0.002 627 629
629 0.812 -0.01 0.81 -0.01 0.811 -0.01 0.812 -0.0100025 0 -1 1 0 0.002 628 630
630 0.81 -0.01 0.808 -0.01 0.809 -0.01 0.81 -0.0100025 0 -1 1 0 0.002 629 631
631 0.808 -0.01 0.806 -0.01 0.807 -0.01 0.808 -0.0100025 0 -1 1 0 0.002 630 632
632 0.806 -0.01 0.804 -0.01 0.805 -0.01 0.806 -0.0100025 0 -1 1 0 0.002 631 633
633 0.804 -0.01 0.802 -0.01 0.803 -0.01 0.804 -0.0100025 0 -1 1 0 0.002 632 634
634 0.802 -0.01 0.8 -0.01 0.801 -0.01 0.802 -0.0100025 0 -1 1 0 0.002 633 635
635 0.8 -0.01 0.798 -0.01 0.799 -0.01 0.8 -0.0100025 0 -1 1 0 0.002 634 636
636 0.798 -0.01 0.796 -0.01 0.797 -0.01 0.798 -0.0100025 0 -1 1 0 0.002 635 637
637 0.796 -0.01 0.794 -0.01 0.795 -0.01 0.796 -0.0100025 0 -1 1 0 0.002 636 638
638 0.794 -0.01 0.792 -0.01 0.793 -0.01 0.794 -0.0100025 0 -1 1 0 0.002 637 639
639 0.792 -0.01 0.79 -0.01 0.791 -0.01 0.792 -0.0100025 0 -1 1 0 0.002 638 640
640 0.79 -0.01 0.788 -0.01 0.789 -0.01 0.79 -0.0100025 0 -1 1 0 0.002 639 641
641 0.788 -0.01 0.786 -0.01 0.787 -0.01 0.788 -0.0100025 0 -1 1 0 0.002 640 642
642 0.786 -0.01 0.784 -0.01 0.785 -0.01 0.786 -0.0100025 0 -1 1 0 0.002 641 643
643 0.784 -0.01 0.782 -0.01 0.783 -0.01 0.784 -0.0100025 0 -1 1 0 0.002 642 644
644 0.782 -0.01 0.78 -0.01 0.781 -0.01 0.782 -0.0100025 0 -1 1 0 0.002 643 645
645 0.78 -0.01 0.778 -0.01 0.779 -0.01 0.78 -0.0100025 0 -1 1 0 0.002 644 646
646 0.778 -0.01 0.776 -0.01 0.777 -0.01 0.778 -0.0100025 0 -1 1 0 0.002 645 647
647 0.776 -0.01 0.774 -0.01 0.775 -0.01 0.776 -0.0100025 0 -1 1 0 0.002 646 648
648 0.774 -0.01 0.772 -0.01 0.773 -0.01 0.774 -0.0100025 0 -1 1 0 0.002 647 649
649 0.772 -0.01 0.77 -0.01 0.771 -0.01 0.772 -0.0100025 0 -1 1 0 0.002 648 650
650 0.77 -0.01 0.768 -0.01 0.769 -0.01 0.77 -0.0100025 0 -1 1 0 0.002 649 651
651 0.768 -0.01 0.766 -0.01 0.767 -0.01 0.768 -0.0100025 0 -1 1 0 0.002 650 652
652 0.766 -0.01 0.764 -0.01 0.765 -0.01 0.766 -0.0100025 0 -1 1 0 0.002 651 653
653 0.764 -0.01 0.762 -0.01 0.763 -0.01 0.764 -0.0100025 0 -1 1 0 0.002 652 654
654 0.762 -0.01 0.76 -0.01 0.761 -0.01 0.762 -0.0100025 0 -1 1 0 0.002 653 655
655 0.76 -0.01 0.758 -0.01 0.759 -0.01 0.76 -0.0100025 0 -1 1 0 0.002 654 656
656 0.758 -0.01 0.756 -0.01 0.757 -0.01 0.758 -0.0100025 0 -1 1 0 0.002 655 657
657 0.756 -0.01 0.754 -0.01 0.755 -0.01 0.756 -0.0100025 0 -1 1 0 0.002 656 658
658 0.754 -0.01 0.752 -0.01 0.753 -0.01 0.754 -0.0100025 0 -1 1 0 0.002 657 659
659 0.752 -0.01 0.75 -0.01 0.751 -0.01 0.752 -0.0100025 0 -1 1 0 0.002 658 660
660 0.75 -0.01 0.748 -0.01 0.749 -0.01 0.75 -0.0100025 0 -1 1 0 0.002 659 661
661 0.748 -0.01 0.746 -0.01 0.747 -0.01 0.748 -0.0100025 0 -1 1 0 0.002 660 662
662 0.746 -0.01 0.744 -0.01 0.745 -0.01 0.746 -0.0100025 0 -1 1 0 0.002 661 663
663 0.744 -0.01 0.742 -0.01 0.743 -0.01 0.744 -0.0100025 0 -1 1 0 0.002 662 664
664 0.742 -0.01 0.74 -0.01 0.741 -0.01 0.742 -0.0100025 0 -1 1 0 0.002 663 665
665 0.74 -0.01 0.738 -0.01 0.739 -0.01 0.74 -0.0100025 0 -1 1 0 0.002 664 666
666 0.738 -0.01 0.736 -0.01 0.737 -0.01 0.738 -0.0100025 0 -1 1 0 0.002 665 667
667 0.736 -0.01 0.734 -0.01 0.735 -0.01 0.736 -0.0100025 0 -1 1 0 0.002 666 668
668 0.734 -0.01 0.732 -0.01 0.733 -0.01 0.734 -0.0100025 0 -1 1 0 0.002 667 669
669 0.732 -0.01 0.73 -0.01 0.731 -0.01 0.732 -0.0100025 0 -1 1 0 0.002 668 670
670 0.73 -0.01 0.728 -0.01 0.729 -0.01 0.73 -0.0100025 0 -1 1 0 0.002 669 671
671 0.728 -0.01 0.726 -0.01 0.727 -0.01 0.728 -0.0100025 0 -1 1 0 0.002 670 672
672 0.726 -0.01 0.724 -0.01 0.725 -0.01 0.726 -0.0100025 0 -1 1 0 0.002 671 673
673 0.724 -0.01 0.722 -0.01 0.723 -0.01 0.724 -0.0100025 0 -1 1 0 0.002 672 674
674 0.722 -0.01 0.72 -0.01 0.721 -0.01 0.722 -0.0100025 0 -1 1 0 0.002 673 675
675 0.72 -0.01 0.718 -0.01 0.719 -0.01 0.72 -0.0100025 0 -1 1 0 0.002 674 676
676 0.718 -0.01 0.716 -0.01 0.717 -0.01 0.718 -0.0100025 0 -1 1 0 0.002 675 677
677 0.716 -0.01 0.714 -0.01 0.715 -0.01 0.716 -0.0100025 0 -1 1 0 0.002 676 678
678 0.714 -0.01 0.712 -0.01 0.713 -0.01 0.714 -0.0100025 0 -1 1 0 0.002 677 679
679 0.712 -0.01 0.71 -0.01 0.711 -0.01 0.712 -0.0100025 0 -1 1 0 0.002 678 680
680 0.71 -0.01 0.708 -0.01 0.709 -0.01 0.71 -0.0100025 0 -1 1 0 0.002 679 681
681 0.708 -0.01 0.706 -0.01 0.707 -0.01 0.708 -0.0100025 0 -1 1 0 0.002 680 682
682 0.706 -0.01 0.704 -0.01 0.705 -0.01 0.706 -0.0100025 0 -1 1 0 0.002 681 683
683 0.704 -0.01 0.702 -0.01 0.703 -0.01 0.704 -0.0100025 0 -1 1 0 0.002 682 684
684 0.702 -0.01 0.7 -0.01 0.701 -0.01 0.702 -0.0100025 0 -1 1 0 0.002 683 685
685 0.7 -0.01 0.698 -0.01 0.699 -0.01 0.7 -0.0100025 0 -1 1 0 0.002 684 686
686 0.698 -0.01 0.696 -0.01 0.697 -0.01 0.698 -0.0100025 0 -1 1 0 0.002 685 687
687 0.696 -0.01 0.694 -0.01 0.695 -0.01 0.696 -0.0100025 0 -1 1 0 0.002 686 688
688 0.694 -0.01 0.692 -0.01 0.693 -0.01 0.694 -0.0100025 0 -1 1 0 0.002 687 689
689 0.692 -0.01 0.69 -0.01 0.691 -0.01 0.692 -0.0100025 0 -1 1 0 0.002 688 690
690 0.69 -0.01 0.688 -0.01 0.689 -0.01 0.69 -0.0100025 0 -1 1 0 0.002 689 691
691 0.688 -0.01 0.686 -0.01 0.687 -0.01 0.688 -0.0100025 0 -1 1 0 0.002 690 692
692 0.686 -0.01 0.684 -0.01 0.685 -0.01 0.686 -0.0100025 0 -1 1 0 0.002 691 693
693 0.684 -0.01 0.682 -0.01 0.683 -0.01 0.684 -0.0100025 0 -1 1 0 0.002 692 694
694 0.682 -0.01 0.68 -0.01 0.681 -0.01 0.682 -0.0100025 0 -1 1 0 0.002 693 695
695 0.68 -0.01 0.678 -0.01 0.679 -0.01 0.68 -0.0100025 0 -1 1 0 0.002 694 696
696 0.678 -0.01 0.676 -0.01 0.677 -0.01 0.678 -0.0100025 0 -1 1 0 0.002 695 697
697 0.676 -0.01 0.674 -0.01 0.675 -0.01 0.676 -0.0100025 0 -1 1 0 0.002 696 698
698 0.674 -0.01 0.672 -0.01 0.673 -0.01 0.674 -0.0100025 0 -1 1 0 0.002 697 699
699 0.672 -0.01 0.67 -0.01 0.671 -0.01 0.672 -0.0100025 0 -1 1 0 0.002 698 700
700 0.67 -0.01 0.668 -0.01 0.669 -0.01 0.67 -0.0100025 0 -1 1 0 0.002 699 701
701 0.668 -0.01 0.666 -0.01 0.667 -0.01 0.668 -0.0100025 0 -1 1 0 0.002 700 702
702 0.666 -0.01 0.664 -0.01 0.665 -0.01 0.666 -0.0100025 0 -1 1 0 0.002 701 703
703 0.664 -0.01 0.662 -0.01 0.663 -0.01 0.664 -0.0100025 0 -1 1 0 0.002 702 704
704 0.662 -0.01 0.66 -0.01 0.661 -0.01 0.662 -0.0100025 0 -1 1 0 0.002 703 705
705 0.66 -0.01 0.658 -0.01 0.659 -0.01 0.66 -0.0100025 0 -1 1 0 0.002 704 706
706 0.658 -0.01 0.656 -0.01 0.657 -0.01 0.658 -0.0100025 0 -1 1 0 0.002 705 707
707 0.656 -0.01 0.654 -0.01 0.655 -0.01 0.656 -0.0100025 0 -1 1 0 0.002 706 708
708 0.654 -0.01 0.652 -0.01 0.653 -0.01 0.654 -0.0100025 0 -1 1 0 0.002 707 709
709 0.652 -0.01 0.65 -0.01 0.651 -0.01 0.652 -0.0100025 0 -1 1 0 0.002 708 710
710 0.65 -0.01 0.648 -0.01 0.649 -0.01 0.65 -0.0100025 0 -1 1 0 0.002 709 711
711 0.648 -0.01 0.646 -0.01 0.647 -0.01 0.648 -0.0100025 0 -1 1 0 0.002 710 712
712 0.646 -0.01 0.644 -0.01 0.645 -0.01 0.646 -0.0100025 0 -1 1 0 0.002 711 713
713 0.644 -0.01 0.642 -0.01 0.643 -0.01 0.644 -0.0100025 0 -1 1 0 0.002 712 714
714 0.642 -0.01 0.64 -0.01 0.641 -0.01 0.642 -0.0100025 0 -1 1 0 0.002 713 715
715 0.64 -0.01 0.638 -0.01 0.639 -0.01 0.64 -0.0100025 0 -1 1 0 0.002 714 716
716 0.638 -0.01 0.636 -0.01 0.637 -0.01 0.638 -0.0100025 0 -1 1 0 0.002 715 717
717 0.636 -0.01 0.634 -0.01 0.635 -0.01 0.636 -0.0100025 0 -1 1 0 0.002 716 718
718 0.634 -0.01 0.632 -0.01 0.633 -0.01 0.634 -0.0100025 0 -1 1 0 0.002 717 719
719 0.632 -0.01 0.63 -0.01 0.631 -0.01 0.632 -0.0100025 0 -1 1 0 0.002 718 720
720 0.63 -0.01 0.628 -0.01 0.629 -0.01 0.63 -0.0100025 0 -1 1 0 0.002 719 721
721 0.628 -0.01 0.626 -0.01 0.627 -0.01 0.628 -0.0100025 0 -1 1 0 0.002 720 722
722 0.626 -0.01 0.624 -0.01 0.625 -0.01 0.626 -0.0100025 0 -1 1 0 0.002 721 723
723 0.624 -0.01 0.622 -0.01 0.623 -0.01 0.624 -0.0100025 0 -1 1 0 0.002 722 724
724 0.622 -0.01 0.62 -0.01 0.621 -0.01 0.622 -0.0100025 0 -1 1 0 0.002 723 725
725 0.62 -0.01 0.618 -0.01 0.619 -0.01 0.62 -0.0100025 0 -1 1 0 0.002 724 726
726 0.618 -0.01 0.616 -0.01 0.617 -0.01 0.618 -0.0100025 0 -1 1 0 0.002 725 727
727 0.616 -0.01 0.614 -0.01 0.615 -0.01 0.616 -0.0100025 0 -1 1 0 0.002 726 728
728 0.614 -0.01 0.612 -0.01 0.613 -0.01 0.614 -0.0100025 0 -1 1 0 0.002 727 729
729 0.612 -0.01 0.61 -0.01 0.611 -0.01 0.612 -0.0100025 0 -1 1 0 0.002 728 730
730 0.61 -0.01 0.608 -0.01 0.609 -0.01 0.61 -0.0100025 0 -1 1 0 0.002 729 731
731 0.608 -0.01 0.606 -0.01 0.607 -0.01 0.608 -0.0100025 0 -1 1 0 0.002 730 732
732 0.606 -0.01 0.604 -0.01 0.605 -0.01 0.606 -0.0100025 0 -1 1 0 0.002 731 733
733 0.604 -0.01 0.602 -0.01 0.603 -0.01 0.604 -0.0100025 0 -1 1 0 0.002 732 734
734 0.602 -0.01 0.6 -0.01 0.601 -0.01 0.602 -0.0100025 0 -1 1 0 0.002 733 735
735 0.6 -0.01 0.598 -0.01 0.599 -0.01 0.6 -0.0100025 0 -1 1 0 0.002 734 736
736 0.598 -0.01 0.596 -0.01 0.597 -0.01 0.598 -0.0100025 0 -1 1 0 0.002 735 737
737 0.596 -0.01 0.594 -0.01 0.595 -0.01 0.596 -0.0100025 0 -1 1 0 0.002 736 738
738 0.594 -0.01 0.592 -0.01 0.593 -0.01 0.594 -0.0100025 0 -1 1 0 0.002 737 739
739 0.592 -0.01 0.59 -0.01 0.591 -0.01 0.592 -0.0100025 0 -1 1 0 0.002 738 740
740 0.59 -0.01 0.588 -0.01 0.589 -0.01 0.59 -0.0100025 0 -1 1 0 0.002 739 741
741 0.588 -0.01 0.586 -0.01 0.587 -0.01 0.588 -0.0100025 0 -1 1 0 0.002 740 742
742 0.586 -0.01 0.584 -0.01 0.585 -0.01 0.586 -0.0100025 0 -1 1 0 0.002 741 743
743 0.584 -0.01 0.582 -0.01 0.583 -0.01 0.584 -0.0100025 0 -1 1 0 0.002 742 744
744 0.582 -0.01 0.58 -0.01 0.581 -0.01 0.582 -0.0100025 0 -1 1 0 0.002 743 745
745 0.58 -0.01 0.578 -0.01 0.579 -0.01 0.58 -0.0100025 0 -1 1 0 0.002 744 746
746 0.578 -0.01 0.576 -0.01 0.577 -0.01 0.578 -0.0100025 0 -1 1 0 0.002 745 747
747 0.576 -0.01 0.574 -0.01 0.575 -0.01 0.576 -0.0100025 0 -1 1 0 0.002 746 748
748 0.574 -0.01 0.572 -0.01 0.573 -0.01 0.574 -0.0100025 0 -1 1 0 0.002 747 749
749 0.572 -0.01 0.57 -0.01 0.571 -0.01 0.572 -0.0100025 0 -1 1 0 0.002 748 750
750 0.57 -0.01 0.568 -0.01 0.569 -0.01 0.57 -0.0100025 0 -1 1 0 0.002 749 751
751 0.568 -0.01 0.566 -0.01 0.567 -0.01 0.568 -0.0100025 0 -1 1 0 0.002 750 752
752 0.566 -0.01 0.564 -0.01 0.565 -0.01 0.566 -0.0100025 0 -1 1 0 0.002 751 753
753 0.564 -0.01 0.562 -0.01 0.563 -0.01 0.564 -0.0100025 0 -1 1 0 0.002 752 754
754 0.562 -0.01 0.56 -0.01 0.561 -0.01 0.562 -0.0100025 0 -1 1 0 0.002 753 755
755 0.56 -0.01 0.558 -0.01 0.559 -0.01 0.56 -0.0100025 0 -1 1 0 0.002 754 756
756 0.558 -0.01 0.556 -0.01 0.557 -0.01 0.558 -0.0100025 0 -1 1 0 0.002 755 757
757 0.556 -0.01 0.554 -0.01 0.555 -0.01 0.556 -0.0100025 0 -1 1 0 0.002 756 758
758 0.554 -0.01 0.552 -0.01 0.553 -0.01 0.554 -0.0100025 0 -1 1 0 0.002 757 759
759 0.552 -0.01 0.55 -0.01 0.551 -0.01 0.552 -0.0100025 0 -1 1 0 0.002 758 760
760 0.55 -0.01 0.548 -0.01 0.549 -0.01 0.55 -0.0100025 0 -1 1 0 0.002 759 761
761 0.548 -0.01 0.546 -0.01 0.547 -0.01 0.548 -0.0100025 0 -1 1 0 0.002 760 762
762 0.546 -0.01 0.544 -0.01 0.545 -0.01 0.546 -0.0100025 0 -1 1 0 0.002 761 763
763 0.544 -0.01 0.542 -0.01 0.543 -0.01 0.544 -0.0100025 0 -1 1 0 0.002 762 764
764 0.542 -0.01 0.54 -0.01 0.541 -0.01 0.542 -0.0100025 0 -1 1 0 0.002 763 765
765 0.54 -0.01 0.538 -0.01 0.539 -0.01 0.54 -0.0100025 0 -1 1 0 0.002 764 766
766 0.538 -0.01 0.536 -0.01 0.537 -0.01 0.538 -0.0100025 0 -1 1 0 0.002 765 767
767 0.536 -0.01 0.534 -0.01 0.535 -0.01 0.536 -0.0100025 0 -1 1 0 0.002 766 768
768 0.534 -0.01 0.532 -0.01 0.533 -0.01 0.534 -0.0100025 0 -1 1 0 0.002 767 769
769 0.532 -0.01 0.53 -0.01 0.531 -0.01 0.532 -0.0100025 0 -1 1 0 0.002 768 770
770 0.53 -0.01 0.528 -0.01 0.529 -0.01 0.53 -0.0100025 0 -1 1 0 0.002 769 771
771 0.528 -0.01 0.526 -0.01 0.527 -0.01 0.528 -0.0100025 0 -1 1 0 0.002 770 772
772 0.526 -0.01 0.524 -0.01 0.525 -0.01 0.526 -0.0100025 0 -1 1 0 0.002 771 773
773 0.524 -0.01 0.522 -0.01 0.523 -0.01 0.524 -0.0100025 0 -1 1 0 0.002 772 774
774 0.522 -0.01 0.52 -0.01 0.521 -0.01 0.522 -0.0100025 0 -1 1 0 0.002 773 775
775 0.52 -0.01 0.518 -0.01 0.519 -0.01 0.52 -0.0100025 0 -1 1 0 0.002 774 776
776 0.518 -0.01 0.516 -0.01 0.517 -0.01 0.518 -0.0100025 0 -1 1 0 0.002 775 777
777 0.516 -0.01 0.514 -0.01 0.515 -0.01 0.516 -0.0100025 0 -1 1 0 0.002 776 778
778 0.514 -0.01 0.512 -0.01 0.513 -0.01 0.514 -0.0100025 0 -1 1 0 0.002 777 779
779 0.512 -0.01 0.51 -0.01 0.511 -0.01 0.512 -0.0100025 0 -1 1 0 0.002 778 780
780 0.51 -0.01 0.508 -0.01 0.509 -0.01 0.51 -0.0100025 0 -1 1 0 0.002 779 781
781 0.508 -0.01 0.506 -0.01 0.507 -0.01 0.508 -0.0100025 0 -1 1 0 0.002 780 782
782 0.506 -0.01 0.504 -0.01 0.505 -0.01 0.506 -0.0100025 0 -1 1 0 0.002 781 783
783 0.504 -0.01 0.502 -0.01 0.503 -0.01 0.504 -0.0100025 0 -1 1 0 0.002 782 784
784 0.502 -0.01 0.5 -0.01 0.501 -0.01 0.502 -0.0100025 0 -1 1 0 0.002 783 785
785 0.5 -0.01 0.498 -0.01 0.499 -0.01 0.5 -0.0100025 0 -1 1 0 0.002 784 786
786 0.498 -0.01 0.496 -0.01 0.497 -0.01 0.498 -0.0100025 0 -1 1 0 0.002 785 787
787 0.496 -0.01 0.494 -0.01 0.495 -0.01 0.496 -0.0100025 0 -1 1 0 0.002 786 788
788 0.494 -0.01 0.492 -0.01 0.493 -0.01 0.494 -0.0100025 0 -1 1 0 0.002 787 789
789 0.492 -0.01 0.49 -0.01 0.491 -0.01 0.492 -0.0100025 0 -1 1 0 0.002 788 790
790 0.49 -0.01 0.488 -0.01 0.489 -0.01 0.49 -0.0100025 0 -1 1 0 0.002 789 791
791 0.488 -0.01 0.486 -0.01 0.487 -0.01 0.488 -0.0100025 0 -1 1 0 0.002 790 792
792 0.486 -0.01 0.484 -0.01 0.485 -0.01 0.486 -0.0100025 0 -1 1 0 0.002 791 793
793 0.484 -0.01 0.482 -0.01 0.483 -0.01 0.484 -0.0100025 0 -1 1 0 0.002 792 794
794 0.482 -0.01 0.48 -0.01 0.481 -0.01 0.482 -0.0100025 0 -1 1 0 0.002 793 795
795 0.48 -0.01 0.478 -0.01 0.479 -0.01 0.48 -0.0100025 0 -1 1 0 0.002 794 796
796 0.478 -0.01 0.476 -0.01 0.477 -0.01 0.478 -0.0100025 0 -1 1 0 0.002 795 797
797 0.476 -0.01 0.474 -0.01 0.475 -0.01 0.476 -0.0100025 0 -1 1 0 0.002 796 798
798 0.474 -0.01 0.472 -0.01 0.473 -0.01 0.474 -0.0100025 0 -1 1 0 0.002 797 799
799 0.472 -0.01 0.47 -0.01 0.471 -0.01 0.472 -0.0100025 0 -1 1 0 0.002 798 800
800 0.47 -0.01 0.468 -0.01 0.469 -0.01 0.47 -0.0100025 0 -1 1 0 0.002 799 801
801 0.468 -0.01 0.466 -0.01 0.467 -0.01 0.468 -0.0100025 0 -1 1 0 0.002 800 802
802 0.466 -0.01 0.464 -0.01 0.465 -0.01 0.466 -0.0100025 0 -1 1 0 0.002 801 803
803 0.464 -0.01 0.462 -0.01 0.463 -0.01 0.464 -0.0100025 0 -1 1 0 0.002 802 804
804 0.462 -0.01 0.46 -0.01 0.461 -0.01 0.462 -0.0100025 0 -1 1 0 0.002 803 805
805 0.46 -0.01 0.458 -0.01 0.459 -0.01 0.46 -0.0100025 0 -1 1 0 0.002 804 806
806 0.458 -0.01 0.456 -0.01 0.457 -0.01 0.458 -0.0100025 0 -1 1 0 0.002 805 807
807 0.456 -0.01 0.454 -0.01 0.455 -0.01 0.456 -0.0100025 0 -1 1 0 0.002 806 808
808 0.454 -0.01 0.452 -0.01 0.453 -0.01 0.454 -0.0100025 0 -1 1 0 0.002 807 809
809 0.452 -0.01 0.45 -0.01 0.451 -0.01 0.452 -0.0100025 0 -1 1 0 0.002 808 810
810 0.45 -0.01 0.448 -0.01 0.449 -0.01 0.45 -0.0100025 0 -1 1 0 0.002 809 811
811 0.448 -0.01 0.446 -0.01 0.447 -0.01 0.448 -0.0100025 0 -1 1 0 0.002 810 812
812 0.446 -0.01 0.444 -0.01 0.445 -0.01 0.446 -0.0100025 0 -1 1 0 0.002 811 813
813 0.444 -0.01 0.442 -0.01 0.443 -0.01 0.444 -0.0100025 0 -1 1 0 0.002 812 814
814 0.442 -0.01 0.44 -0.01 0.441 -0.01 0.442 -0.0100025 0 -1 1 0 0.002 813 815
815 0.44 -0.01 0.438 -0.01 0.439 -0.01 0.44 -0.0100025 0 -1 1 0 0.002 814 816
816 0.438 -0.01 0.436 -0.01 0.437 -0.01 0.438 -0.0100025 0 -1 1 0 0.002 815 817
817 0.436 -0.01 0.434 -0.01 0.435 -0.01 0.436 -0.0100025 0 -1 1 0 0.002 816 818
818 0.434 -0.01 0.432 -0.01 0.433 -0.01 0.434 -0.0100025 0 -1 1 0 0.002 817 819
819 0.432 -0.01 0.43 -0.01 0.431 -0.01 0.432 -0.0100025 0 -1 1 0 0.002 818 820
820 0.43 -0.01 0.428 -0.01 0.429 -0.01 0.43 -0.0100025 0 -1 1 0 0.002 819 821
821 0.428 -0.01 0.426 -0.01 0.427 -0.01 0.428 -0.0100025 0 -1 1 0 0.002 820 822
822 0.426 -0.01 0.424 -0.01 0.425 -0.01 0.426 -0.0100025 0 -1 1 0 0.002 821 823
823 0.424 -0.01 0.422 -0.01 0.423 -0.01 0.424 -0.0100025 0 -1 1 0 0.002 822 824
824 0.422 -0.01 0.42 -0.01 0.421 -0.01 0.422 -0.0100025 0 -1 1 0 0.002 823 825
825 0.42 -0.01 0.418 -0.01 0.419 -0.01 0.42 -0.0100025 0 -1 1 0 0.002 824 826
826 0.418 -0.01 0.416 -0.01 0.417 -0.01 0.418 -0.0100025 0 -1 1 0 0.002 825 827
827 0.416 -0.01 0.414 -0.01 0.415 -0.01 0.416 -0.0100025 0 -1 1 0 0.002 826 828
828 0.414 -0.01 0.412 -0.01 0.413 -0.01 0.414 -0.0100025 0 -1 1 0 0.002 827 829
829 0.412 -0.01 0.41 -0.01 0.411 -0.01 0.412 -0.0100025 0 -1 1 0 0.002 828 830
830 0.41 -0.01 0.408 -0.01 0.409 -0.01 0.41 -0.0100025 0 -1 1 0 0.002 829 831
831 0.408 -0.01 0.406 -0.01 0.407 -0.01 0.408 -0.0100025 0 -1 1 0 0.002 830 832
832 0.406 -0.01 0.404 -0.01 0.405 -0.01 0.406 -0.0100025 0 -1 1 0 0.002 831 833
833 0.404 -0.01 0.402 -0.01 0.403 -0.01 0.404 -0.0100025 0 -1 1 0 0.002 832 834
834 0.402 -0.01 0.4 -0.01 0.401 -0.01 0.402 -0.0100025 0 -1 1 0 0.002 833 835
835 0.4 -0.01 0.398 -0.01 0.399 -0.01 0.4 -0.0100025 0 -1 1 0 0.002 834 836
836 0.398 -0.01 0.396 -0.01 0.397 -0.01 0.398 -0.0100025 0 -1 1 0 0.002 835 837
837 0.396 -0.01 0.394 -0.01 0.395 -0.01 0.396 -0.0100025 0 -1 1 0 0.002 836 838
838 0.394 -0.01 0.392 -0.01 0.393 -0.01 0.394 -0.0100025 0 -1 1 0 0.002 837 839
839 0.392 -0.01 0.39 -0.01 0.391 -0.01 0.392 -0.0100025 0 -1 1 0 0.002 838 840
840 0.39 -0.01 0.388 -0.01 0.389 -0.01 0.39 -0.0100025 0 -1 1 0 0.002 839 841
841 0.388 -0.01 0.386 -0.01 0.387 -0.01 0.388 -0.0100025 0 -1 1 0 0.002 840 842
842 0.386 -0.01 0.384 -0.01 0.385 -0.01 0.386 -0.0100025 0 -1 1 0 0.002 841 843
843 0.384 -0.01 0.382 -0.01 0.383 -0.01 0.384 -0.0100025 0 -1 1 0 0.002 842 844
844 0.382 -0.01 0.38 -0.01 0.381 -0.01 0.382 -0.0100025 0 -1 1 0 0.002 843 845
845 0.38 -0.01 0.378 -0.01 0.379 -0.01 0.38 -0.0100025 0 -1 1 0 0.002 844 846
846 0.378 -0.01 0.376 -0.01 0.377 -0.01 0.378 -0.0100025 0 -1 1 0 0.002 845 847
847 0.376 -0.01 0.374 -0.01 0.375 -0.01 0.376 -0.0100025 0 -1 1 0 0.002 846 848
848 0.374 -0.01 0.372 -0.01 0.373 -0.01 0.374 -0.0100025 0 -1 1 0 0.002 847 849
849 0.372 -0.01 0.37 -0.01 0.371 -0.01 0.372 -0.0100025 0 -1 1 0 0.002 848 850
850 0.37 -0.01 0.368 -0.01 0.369 -0.01 0.37 -0.0100025 0 -1 1 0 0.002 849 851
851 0.368 -0.01 0.366 -0.01 0.367 -0.01 0.368 -0.0100025 0 -1 1 0 0.002 850 852
852 0.366 -0.01 0.364 -0.01 0.365 -0.01 0.366 -0.0100025 0 -1 1 0 0.002 851 853
853 0.364 -0.01 0.362 -0.01 0.363 -0.01 0.364 -0.0100025 0 -1 1 0 0.002 852 854
854 0.362 -0.01 0.36 -0.01 0.361 -0.01 0.362 -0.0100025 0 -1 1 0 0.002 853 855
855 0.36 -0.01 0.358 -0.01 0.359 -0.01 0.36 -0.0100025 0 -1 1 0 0.002 854 856
856 0.358 -0.01 0.356 -0.01 0.357 -0.01 0.358 -0.0100025 0 -1 1 0 0.002 855 857
857 0.356 -0.01 0.354 -0.01 0.355 -0.01 0.356 -0.0100025 0 -1 1 0 0.002 856 858
858 0.354 -0.01 0.352 -0.01 0.353 -0.01 0.354 -0.0100025 0 -1 1 0 0.002 857 859
859 0.352 -0.01 0.35 -0.01 0.351 -0.01 0.352 -0.0100025 0 -1 1 0 0.002 858 860
860 0.35 -0.01 0.348 -0.01 0.349 -0.01 0.35 -0.0100025 0 -1 1 0 0.002 859 861
861 0.348 -0.01 0.346 -0.01 0.347 -0.01 0.348 -0.0100025 0 -1 1 0 0.002 860 862
862 0.346 -0.01 0.344 -0.01 0.345 -0.01 0.346 -0.0100025 0 -1 1 0 0.002 861 863
863 0.344 -0.01 0.342 -0.01 0.343 -0.01 0.344 -0.0100025 0 -1 1 0 0.002 862 864
864 0.342 -0.01 0.34 -0.01 0.341 -0.01 0.342 -0.0100025 0 -1 1 0 0.002 863 865
865 0.34 -0.01 0.338 -0.01 0.339 -0.01 0.34 -0.0100025 0 -1 1 0 0.002 864 866
866 0.338 -0.01 0.336 -0.01 0.337 -0.01 0.338 -0.0100025 0 -1 1 0 0.002 865 867
867 0.336 -0.01 0.334 -0.01 0.335 -0.01 0.336 -0.0100025 0 -1 1 0 0.002 866 868
868 0.334 -0.01 0.332 -0.01 0.333 -0.01 0.334 -0.0100025 0 -1 1 0 0.002 867 869
869 0.332 -0.01 0.33 -0.01 0.331 -0.01 0.332 -0.0100025 0 -1 1 0 0.002 868 870
870 0.33 -0.01 0.328 -0.01 0.329 -0.01 0.33 -0.0100025 0 -1 1 0 0.002 869 871
871 0.328 -0.01 0.326 -0.01 0.327 -0.01 0.328 -0.0100025 0 -1 1 0 0.002 870 872
872 0.326 -0.01 0.324 -0.01 0.325 -0.01 0.326 -0.0100025 0 -1 1 0 0.002 871 873
873 0.324 -0.01 0.322 -0.01 0.323 -0.01 0.324 -0.0100025 0 -1 1 0 0.002 872 874
874 0.322 -0.01 0.32 -0.01 0.321 -0.01 0.322 -0.0100025 0 -1 1 0 0.002 873 875
875 0.32 -0.01 0.318 -0.01 0.319 -0.01 0.32 -0.0100025 0 -1 1 0 0.002 874 876
876 0.318 -0.01 0.316 -0.01 0.317 -0.01 0.318 -0.0100025 0 -1 1 0 0.002 875 877
877 0.316 -0.01 0.314 -0.01 0.315 -0.01 0.316 -0.0100025 0 -1 1 0 0.002 876 878
878 0.314 -0.01 0.312 -0.01 0.313 -0.01 0.314 -0.0100025 0 -1 1 0 0.002 877 879
879 0.312 -0.01 0.31 -0.01 0.311 -0.01 0.312 -0.0100025 0 -1 1 0 0.002 878 880
880 0.31 -0.01 0.308 -0.01 0.309 -0.01 0.31 -0.0100025 0 -1 1 0 0.002 879 881
881 0.308 -0.01 0.306 -0.01 0.307 -0.01 0.308 -0.0100025 0 -1 1 0 0.002 880 882
882 0.306 -0.01 0.304 -0.01 0.305 -0.01 0.306 -0.0100025 0 -1 1 0 0.002 881 883
883 0.304 -0.01 0.302 -0.01 0.303 -0.01 0.304 -0.0100025 0 -1 1 0 0.002 882 884
884 0.302 -0.01 0.3 -0.01 0.301 -0.01 0.302 -0.0100025 0 -1 1 0 0.002 883 885
885 0.3 -0.01 0.298 -0.01 0.299 -0.01 0.3 -0.0100025 0 -1 1 0 0.002 884 886
886 0.298 -0.01 0.296 -0.01 0.297 -0.01 0.298 -0.0100025 0 -1 1 0 0.002 885 887
887 0.296 -0.01 0.294 -0.01 0.295 -0.01 0.296 -0.0100025 0 -1 1 0 0.002 886 888
888 0.294 -0.01 0.292 -0.01 0.293 -0.01 0.294 -0.0100025 0 -1 1 0 0.002 887 889
889 0.292 -0.01 0.29 -0.01 0.291 -0.01 0.292 -0.0100025 0 -1 1 0 0.002 888 890
890 0.29 -0.01 0.288 -0.01 0.289 -0.01 0.29 -0.0100025 0 -1 1 0 0.002 889 891
891 0.288 -0.01 0.286 -0.01 0.287 -0.01 0.288 -0.0100025 0 -1 1 0 0.002 890 892
892 0.286 -0.01 0.284 -0.01 0.285 -0.01 0.286 -0.0100025 0 -1 1 0 0.002 891 893
893 0.284 -0.01 0.282 -0.01 0.283 -0.01 0.284 -0.0100025 0 -1 1 0 0.002 892 894
894 0.282 -0.01 0.28 -0.01 0.281 -0.01 0.282 -0.0100025 0 -1 1 0 0.002 893 895
895 0.28 -0.01 0.278 -0.01 0.279 -0.01 0.28 -0.0100025 0 -1 1 0 0.002 894 896
896 0.278 -0.01 0.276 -0.01 0.277 -0.01 0.278 -0.0100025 0 -1 1 0 0.002 895 897
897 0.276 -0.01 0.274 -0.01 0.275 -0.01 0.276 -0.0100025 0 -1 1 0 0.002 896 898
898 0.274 -0.01 0.272 -0.01 0.273 -0.01 0.274 -0.0100025 0 -1 1 0 0.002 897 899
899 0.272 -0.01 0.27 -0.01 0.271 -0.01 0.272 -0.0100025 0 -1 1 0 0.002 898 900
900 0.27 -0.01 0.268 -0.01 0.269 -0.01 0.27 -0.0100025 0 -1 1 0 0.002 899 901
901 0.268 -0.01 0.266 -0.01 0.267 -0.01 0.268 -0.0100025 0 -1 1 0 0.002 900 902
902 0.266 -0.01 0.264 -0.01 0.265 -0.01 0.266 -0.0100025 0 -1 1 0 0.002 901 903
903 0.264 -0.01 0.262 -0.01 0.263 -0.01 0.264 -0.0100025 0 -1 1 0 0.002 902 904
904 0.262 -0.01 0.26 -0.01 0.261 -0.01 0.262 -0.0100025 0 -1 1 0 0.002 903 905
905 0.26 -0.01 0.258 -0.01 0.259 -0.01 0.26 -0.0100025 0 -1 1 0 0.002 904 906
906 0.258 -0.01 0.256 -0.01 0.257 -0.01 0.258 -0.0100025 0 -1 1 0 0.002 905 907
907 0.256 -0.01 0.254 -0.01 0.255 -0.01 0.256 -0.0100025 0 -1 1 0 0.002 906 908
908 0.254 -0.01 0.252 -0.01 0.253 -0.01 0.254 -0.0100025 0 -1 1 0 0.002 907 909
909 0.252 -0.01 0.25 -0.01 0.251 -0.01 0.252 -0.0100025 0 -1 1 0 0.002 908 910
910 0.25 -0.01 0.248 -0.01 0.249 -0.01 0.25 -0.0100025 0 -1 1 0 0.002 909 911
911 0.248 -0.01 0.246 -0.01 0.247 -0.01 0.248 -0.0100025 0 -1 1 0 0.002 910 912
912 0.246 -0.01 0.244 -0.01 0.245 -0.01 0.246 -0.0100025 0 -1 1 0 0.002 911 913
913 0.244 -0.01 0.242 -0.01 0.243 -0.01 0.244 -0.0100025 0 -1 1 0 0.002 912 914
914 0.242 -0.01 0.24 -0.01 0.241 -0.01 0.242 -0.0100025 0 -1 1 0 0.002 913 915
915 0.24 -0.01 0.238 -0.01 0.239 -0.01 0.24 -0.0100025 0 -1 1 0 0.002 914 916
916 0.238 -0.01 0.236 -0.01 0.237 -0.01 0.238 -0.0100025 0 -1 1 0 0.002 915 917
917 0.236 -0.01 0.234 -0.01 0.235 -0.01 0.236 -0.0100025 0 -1 1 0 0.002 916 918
918 0.234 -0.01 0.232 -0.01 0.233 -0.01 0.234 -0.0100025 0 -1 1 0 0.002 917 919
919 0.232 -0.01 0.23 -0.01 0.231 -0.01 0.232 -0.0100025 0 -1 1 0 0.002 918 920
920 0.23 -0.01 0.228 -0.01 0.229 -0.01 0.23 -0.0100025 0 -1 1 0 0.002 919 921
921 0.228 -0.01 0.226 -0.01 0.227 -0.01 0.228 -0.0100025 0 -1 1 0 0.002 920 922
922 0.226 -0.01 0.224 -0.01 0.225 -0.01 0.226 -0.0100025 0 -1 1 0 0.002 921 923
923 0.224 -0.01 0.222 -0.01 0.223 -0.01 0.224 -0.0100025 0 -1 1 0 0.002 922 924
924 0.222 -0.01 0.22 -0.01 0.221 -0.01 0.222 -0.0100025 0 -1 1 0 0.002 923 925
925 0.22 -0.01 0.218 -0.01 0.219 -0.01 0.22 -0.0100025 0 -1 1 0 0.002 924 926
926 0.218 -0.01 0.216 -0.01 0.217 -0.01 0.218 -0.0100025 0 -1 1 0 0.002 925 927
927 0.216 -0.01 0.214 -0.01 0.215 -0.01 0.216 -0.0100025 0 -1 1 0 0.002 926 928
928 0.214 -0.01 0.212 -0.01 0.213 -0.01 0.214 -0.0100025 0 -1 1 0 0.002 927 929
929 0.212 -0.01 0.21 -0.01 0.211 -0.01 0.212 -0.0100025 0 -1 1 0 0.002 928 930
930 0.21 -0.01 0.208 -0.01 0.209 -0.01 0.21 -0.0100025 0 -1 1 0 0.002 929 931
931 0.208 -0.01 0.206 -0.01 0.207 -0.01 0.208 -0.0100025 0 -1 1 0 0.002 930 932
932 0.206 -0.01 0.204 -0.01 0.205 -0.01 0.206 -0.0100025 0 -1 1 0 0.002 931 933
933 0.204 -0.01 0.202 -0.01 0.203 -0.01 0.204 -0.0100025 0 -1 1 0 0.002 932 934
934 0.202 -0.01 0.2 -0.01 0.201 -0.01 0.202 -0.0100025 0 -1 1 0 0.002 933 935
935 0.2 -0.01 0.198 -0.01 0.199 -0.01 0.2 -0.0100025 0 -1 1 0 0.002 934 936
936 0.198 -0.01 0.196 -0.01 0.197 -0.01 0.198 -0.0100025 0 -1 1 0 0.002 935 937
937 0.196 -0.01 0.194 -0.01 0.195 -0.01 0.196 -0.0100025 0 -1 1 0 0.002 936 938
938 0.194 -0.01 0.192 -0.01 0.193 -0.01 0.194 -0.0100025 0 -1 1 0 0.002 937 939
939 0.192 -0.01 0.19 -0.01 0.191 -0.01 0.192 -0.0100025 0 -1 1 0 0.002 938 940
940 0.19 -0.01 0.188 -0.01 0.189 -0.01 0.19 -0.0100025 0 -1 1 0 0.002 939 941
941 0.188 -0.01 0.186 -0.01 0.187 -0.01 0.188 -0.0100025 0 -1 1 0 0.002 940 942
942 0.186 -0.01 0.184 -0.01 0.185 -0.01 0.186 -0.0100025 0 -1 1 0 0.002 941 943
943 0.184 -0.01 0.182 -0.01 0.183 -0.01 0.184 -0.0100025 0 -1 1 0 0.002 942 944
944 0.182 -0.01 0.18 -0.01 0.181 -0.01 0.182 -0.0100025 0 -1 1 0 0.002 943 945
945 0.18 -0.01 0.178 -0.01 0.179 -0.01 0.18 -0.0100025 0 -1 1 0 0.002 944 946
946 0.178 -0.01 0.176 -0.01 0.177 -0.01 0.178 -0.0100025 0 -1 1 0 0.002 945 947
947 0.176 -0.01 0.174 -0.01 0.175 -0.01 0.176 -0.0100025 0 -1 1 0 0.002 946 948
948 0.174 -0.01 0.172 -0.01 0.173 -0.01 0.174 -0.0100025 0 -1 1 0 0.002 947 949
949 0.172 -0.01 0.17 -0.01 0.171 -0.01 0.172 -0.0100025 0 -1 1 0 0.002 948 950
950 0.17 -0.01 0.168 -0.01 0.169 -0.01 0.17 -0.0100025 0 -1 1 0 0.002 949 951
951 0.168 -0.01 0.166 -0.01 0.167 -0.01 0.168 -0.0100025 0 -1 1 0 0.002 950 952
952 0.166 -0.01 0.164 -0.01 0.165 -0.01 0.166 -0.0100025 0 -1 1 0 0.002 951 953
953 0.164 -0.01 0.162 -0.01 0.163 -0.01 0.164 -0.0100025 0 -1 1 0 0.002 952 954
954 0.162 -0.01 0.16 -0.01 0.161 -0.01 0.162 -0.0100025 0 -1 1 0 0.002 953 955
955 0.16 -0.01 0.158 -0.01 0.159 -0.01 0.16 -0.0100025 0 -1 1 0 0.002 954 956
956 0.158 -0.01 0.156 -0.01 0.157 -0.01 0.158 -0.0100025 0 -1 1 0 0.002 955 957
957 0.156 -0.01 0.154 -0.01 0.155 -0.01 0.156 -0.0100025 0 -1 1 0 0.002 956 958
958 0.154 -0.01 0.152 -0.01 0.153 -0.01 0.154 -0.0100025 0 -1 1 0 0.002 957 959
959 0.152 -0.01 0.15 -0.01 0.151 -0.01 0.152 -0.0100025 0 -1 1 0 0.002 958 960
960 0.15 -0.01 0.148 -0.01 0.149 -0.01 0.15 -0.0100025 0 -1 1 0 0.002 959 961
961 0.148 -0.01 0.146 -0.01 0.147 -0.01 0.148 -0.0100025 0 -1 1 0 0.002 960 962
962 0.146 -0.01 0.144 -0.01 0.145 -0.01 0.146 -0.0100025 0 -1 1 0 0.002 961 963
963 0.144 -0.01 0.142 -0.01 0.143 -0.01 0.144 -0.0100025 0 -1 1 0 0.002 962 964
964 0.142 -0.01 0.14 -0.01 0.141 -0.01 0.142 -0.0100025 0 -1 1 0 0.002 963 965
965 0.14 -0.01 0.138 -0.01 0.139 -0.01 0.14 -0.0100025 0 -1 1 0 0.002 964 966
966 0.138 -0.01 0.136 -0.01 0.137 -0.01 0.138 -0.0100025 0 -1 1 0 0.002 965 967
967 0.136 -0.01 0.134 -0.01 0.135 -0.01 0.136 -0.0100025 0 -1 1 0 0.002 966 968
968 0.134 -0.01 0.132 -0.01 0.133 -0.01 0.134 -0.0100025 0 -1 1 0 0.002 967 969
969 0.132 -0.01 0.13 -0.01 0.131 -0.01 0.132 -0.0100025 0 -1 1 0 0.002 968 970
970 0.13 -0.01 0.128 -0.01 0.129 -0.01 0.13 -0.0100025 0 -1 1 0 0.002 969 971
971 0.128 -0.01 0.126 -0.01 0.127 -0.01 0.128 -0.0100025 0 -1 1 0 0.002 970 972
972 0.126 -0.01 0.124 -0.01 0.125 -0.01 0.126 -0.0100025 0 -1 1 0 0.002 971 973
973 0.124 -0.01 0.122 -0.01 0.123 -0.01 0.124 -0.0100025 0 -1 1 0 0.002 972 974
974 0.122 -0.01 0.12 -0.01 0.121 -0.01 0.122 -0.0100025 0 -1 1 0 0.002 973 975
975 0.12 -0.01 0.118 -0.01 0.119 -0.01 0.12 -0.0100025 0 -1 1 0 0.002 974 976
976 0.118 -0.01 0.116 -0.01 0.117 -0.01 0.118 -0.0100025 0 -1 1 0 0.002 975 977
977 0.116 -0.01 0.114 -0.01 0.115 -0.01 0.116 -0.0100025 0 -1 1 0 0.002 976 978
978 0.114 -0.01 0.112 -0.01 0.113 -0.01 0.114 -0.0100025 0 -1 1 0 0.002 977 979
979 0.112 -0.01 0.11 -0.01 0.111 -0.01 0.112 -0.0100025 0 -1 1 0 0.002 978 980
980 0.11 -0.01 0.108 -0.01 0.109 -0.01 0.11 -0.0100025 0 -1 1 0 0.002 979 981
981 0.108 -0.01 0.106 -0.01 0.107 -0.01 0.108 -0.0100025 0 -1 1 0 0.002 980 982
982 0.106 -0.01 0.104 -0.01 0.105 -0.01 0.106 -0.0100025 0 -1 1 0 0.002 981 983
983 0.104 -0.01 0.102 -0.01 0.103 -0.01 0.104 -0.0100025 0 -1 1 0 0.002 982 984
984 0.102 -0.01 0.1 -0.01 0.101 -0.01 0.102 -0.0100025 0 -1 1 0 0.002 983 985
985 0.1 -0.01 0.098 -0.01 0.099 -0.01 0.1 -0.0100025 0 -1 1 0 0.002 984 986
986 0.098 -0.01 0.096 -0.01 0.097 -0.01 0.098 -0.0100025 0 -1 1 0 0.002 985 987
987 0.096 -0.01 0.094 -0.01 0.095 -0.01 0.096 -0.0100025 0 -1 1 0 0.002 986 988
988 0.094 -0.01 0.092 -0.01 0.093 -0.01 0.094 -0.0100025 0 -1 1 0 0.002 987 989
989 0.092 -0.01 0.09 -0.01 0.091 -0.01 0.092 -0.0100025 0 -1 1 0 0.002 988 990
990 0.09 -0.01 0.088 -0.01 0.089 -0.01 0.09 -0.0100025 0 -1 1 0 0.002 989 991
991 0.088 -0.01 0.086 -0.01 0.087 -0.01 0.088 -0.0100025 0 -1 1 0 0.002 990 992
992 0.086 -0.01 0.084 -0.01 0.085 -0.01 0.086 -0.0100025 0 -1 1 0 0.002 991 993
993 0.084 -0.01 0.082 -0.01 0.083 -0.01 0.084 -0.0100025 0 -1 1 0 0.002 992 994
994 0.082 -0.01 0.08 -0.01 0.081 -0.01 0.082 -0.0100025 0 -1 1 0 0.002 993 995
995 0.08 -0.01 0.078 -0.01 0.079 -0.01 0.08 -0.0100025 0 -1 1 0 0.002 994 996
996 0.078 -0.01 0.076 -0.01 0.077 -0.01 0.078 -0.0100025 0 -1 1 0 0.002 995 997
997 0.076 -0.01 0.074 -0.01 0.075 -0.01 0.076 -0.0100025 0 -1 1 0 0.002 996 998
998 0.074 -0.01 0.072 -0.01 0.073 -0.01 0.074 -0.0100025 0 -1 1 0 0.002 997 999
999 0.072 -0.01 0.07 -0.01 0.071 -0.01 0.072 -0.0100025 0 -1 1 0 0.002 998 1000
1000 0.07 -0.01 0.068 -0.01 0.069 -0.01 0.07 -0.0100025 0 -1 1 0 0.002 999 1001
1001 0.068 -0.01 0.066 -0.01 0.067 -0.01 0.068 -0.0100025 0 -1 1 0 0.002 1000 1002
1002 0.066 -0.01 0.064 -0.01 0.065 -0.01 0.066 -0.0100025 0 -1 1 0 0.002 1001 1003
1003 0.064 -0.01 0.062 -0.01 0.063 -0.01 0.064 -0.0100025 0 -1 1 0 0.002 1002 1004
1004 0.062 -0.01 0.06 -0.01 0.061 -0.01 0.062 -0.0100025 0 -1 1 0 0.002 1003 1005
1005 0.06 -0.01 0.058 -0.01 0.059 -0.01 0.06 -0.0100025 0 -1 1 0 0.002 1004 1006
1006 0.058 -0.01 0.056 -0.01 0.057 -0.01 0.058 -0.0100025 0 -1 1 0 0.002 1005 1007
1007 0.056 -0.01 0.054 -0.01 0.055 -0.01 0.056 -0.0100025 0 -1 1 0 0.002 1006 1008
1008 0.054 -0.01 0.052 -0.01 0.053 -0.01 0.054 -0.0100025 0 -1 1 0 0.002 1007 1009
1009 0.052 -0.01 0.05 -0.01 0.051 -0.01 0.052 -0.0100025 0 -1 1 0 0.002 1008 1010
1010 0.05 -0.01 0.048 -0.01 0.049 -0.01 0.05 -0.0100025 0 -1 1 0 0.002 1009 1011
1011 0.048 -0.01 0.046 -0.01 0.047 -0.01 0.048 -0.0100025 0 -1 1 0 0.002 1010 1012
1012 0.046 -0.01 0.044 -0.01 0.045 -0.01 0.046 -0.0100025 0 -1 1 0 0.002 1011 1013
1013 0.044 -0.01 0.042 -0.01 0.043 -0.01 0.044 -0.0100025 0 -1 1 0 0.002 1012 1014
1014 0.042 -0.01 0.04 -0.01 0.041 -0.01 0.042 -0.0100025 0 -1 1 0 0.002 1013 1015
1015 0.04 -0.01 0.038 -0.01 0.039 -0.01 0.04 -0.0100025 0 -1 1 0 0.002 1014 1016
1016 0.038 -0.01 0.036 -0.01 0.037 -0.01 0.038 -0.0100025 0 -1 1 0 0.002 1015 1017
1017 0.036 -0.01 0.034 -0.01 0.035 -0.01 0.036 -0.0100025 0 -1 1 0 0.002 1016 1018
1018 0.034 -0.01 0.032 -0.01 0.033 -0.01 0.034 -0.0100025 0 -1 1 0 0.002 1017 1019
1019 0.032 -0.01 0.03 -0.01 0.031 -0.01 0.032 -0.0100025 0 -1 1 0 0.002 1018 1020
1020 0.03 -0.01 0.028 -0.01 0.029 -0.01 0.03 -0.0100025 0 -1 1 0 0.002 1019 1021
1021 0.028 -0.01 0.026 -0.01 0.027 -0.01 0.028 -0.0100025 0 -1 1 0 0.002 1020 1022
1022 0.026 -0.01 0.024 -0.01 0.025 -0.01 0.026 -0.0100025 0 -1 1 0 0.002 1021 1023
1023 0.024 -0.01 0.022 -0.01 0.023 -0.01 0.024 -0.0100025 0 -1 1 0 0.002 1022 1024
1024 0.022 -0.01 0.02 -0.01 0.021 -0.01 0.022 -0.0100025 0 -1 1 0 0.002 1023 1025
1025 0.02 -0.01 0.018 -0.01 0.019 -0.01 0.02 -0.0100025 0 -1 1 0 0.002 1024 1026
1026 0.018 -0.01 0.016 -0.01 0.017 -0.01 0.018 -0.0100025 0 -1 1 0 0.002 1025 1027
1027 0.016 -0.01 0.014 -0.01 0.015 -0.01 0.016 -0.0100025 0 -1 1 0 0.002 1026 1028
1028 0.014 -0.01 0.012 -0.01 0.013 -0.01 0.014 -0.0100025 0 -1 1 0 0.002 1027 1029
1029 0.012 -0.01 0.01 -0.01 0.011 -0.01 0.012 -0.0100025 0 -1 1 0 0.002 1028 1030
1030 0.01 -0.01 0.00843566 -0.00987688 0.00921783 -0.00993844 0.0100025 -0.0100025 -0.0784591 -0.996917 0.996917 -0.0784591 0.00156918 1029 1031
1031 0.00843566 -0.00987688 0.00690983 -0.00951057 0.00767274 -0.00969372 0.00843776 -0.00987935 -0.233445 -0.97237 0.97237 -0.233445 0.00156918 1030 1032
1032 0.00690983 -0.00951057 0.0054601 -0.00891007 0.00618496 -0.00921032 0.00691156 -0.00951294 -0.382683 -0.92388 0.92388 -0.382683 0.00156918 1031 1033
1033 0.0054601 -0.00891007 0.00412215 -0.00809017 0.00479112 -0.00850012 0.00546146 -0.00891229 -0.522499 -0.85264 0.85264 -0.522499 0.00156918 1032 1034
1034 0.00412215 -0.00809017 0.00292893 -0.00707107 0.00352554 -0.00758062 0.00412318 -0.00809219 -0.649448 -0.760406 0.760406 -0.649448 0.00156918 1033 1035
1035 0.00292893 -0.00707107 0.00190983 -0.00587785 0.00241938 -0.00647446 0.00292966 -0.00707284 -0.760406 -0.649448 0.649448 -0.760406 0.00156918 1034 1036
1036 0.00190983 -0.00587785 0.00108993 -0.0045399 0.00149988 -0.00520888 0.00191031 -0.00587932 -0.85264 -0.522499 0.522499 -0.85264 0.00156918 1035 1037
1037 0.00108993 -0.0045399 0.000489435 -0.00309017 0.000789685 -0.00381504 0.00109021 -0.00454104 -0.92388 -0.382683 0.382683 -0.92388 0.00156918 1036 1038
1038 0.000489435 -0.00309017 0.000123117 -0.00156434 0.000306276 -0.00232726 0.000489557 -0.00309094 -0.97237 -0.233445 0.233445 -0.97237 0.00156918 1037 1039
1039 0.000123117 -0.00156434 0 1.1028e-017 6.15583e-005 -0.000782172 0.000123147 -0.00156474 -0.996917 -0.0784591 0.0784591 -0.996917 0.00156918 1038 0
