--œ–Œ‘»À‹-ƒÀﬂ-œ–Œ√–¿ÃÃ€-MVE2D--
-- ÓÎË˜ÂÒÚ‚Ó-Ô‡ÌÂÎÂÈ--
200
0 0.05 0.05 0.0515705 0.0499753 0.0507853 0.0499877 0.05005 0.05005 0.0157073 0.999877 0.999877 -0.0157073 0.00157073 199 1
1 0.0515705 0.0499753 0.0531395 0.0499013 0.052355 0.0499383 0.0516221 0.0500253 0.0471065 0.99889 0.99889 -0.0471065 0.00157073 0 2
2 0.0531395 0.0499013 0.0547054 0.0497781 0.0539225 0.0498397 0.0531927 0.0499512 0.0784591 0.996917 0.996917 -0.0784591 0.00157073 1 3
3 0.0547054 0.0497781 0.0562667 0.0496057 0.055486 0.0496919 0.0547601 0.0498279 0.109734 0.993961 0.993961 -0.109734 0.00157073 2 4
4 0.0562667 0.0496057 0.0578217 0.0493844 0.0570442 0.0494951 0.0563229 0.0496553 0.140901 0.990024 0.990024 -0.140901 0.00157073 3 5
5 0.0578217 0.0493844 0.0593691 0.0491144 0.0585954 0.0492494 0.0578795 0.0494338 0.171929 0.985109 0.985109 -0.171929 0.00157073 4 6
6 0.0593691 0.0491144 0.0609072 0.0487958 0.0601381 0.0489551 0.0594284 0.0491635 0.202787 0.979223 0.979223 -0.202787 0.00157073 5 7
7 0.0609072 0.0487958 0.0624345 0.0484292 0.0616708 0.0486125 0.0609681 0.0488446 0.233445 0.97237 0.97237 -0.233445 0.00157073 6 8
8 0.0624345 0.0484292 0.0639496 0.0480147 0.063192 0.0482219 0.0624969 0.0484776 0.263873 0.964557 0.964557 -0.263873 0.00157073 7 9
9 0.0639496 0.0480147 0.0654508 0.0475528 0.0647002 0.0477838 0.0640135 0.0480627 0.29404 0.955793 0.955793 -0.29404 0.00157073 8 10
10 0.0654508 0.0475528 0.0669369 0.047044 0.0661939 0.0472984 0.0655163 0.0476004 0.323917 0.946085 0.946085 -0.323917 0.00157073 9 11
11 0.0669369 0.047044 0.0684062 0.0464888 0.0676716 0.0467664 0.0670038 0.0470911 0.353475 0.935444 0.935444 -0.353475 0.00157073 10 12
12 0.0684062 0.0464888 0.0698574 0.0458877 0.0691318 0.0461883 0.0684746 0.0465353 0.382683 0.92388 0.92388 -0.382683 0.00157073 11 13
13 0.0698574 0.0458877 0.071289 0.0452414 0.0705732 0.0455645 0.0699273 0.0459336 0.411514 0.911403 0.911403 -0.411514 0.00157073 12 14
14 0.071289 0.0452414 0.0726995 0.0445503 0.0719942 0.0448958 0.0713603 0.0452866 0.439939 0.898028 0.898028 -0.439939 0.00157073 13 15
15 0.0726995 0.0445503 0.0740877 0.0438153 0.0733936 0.0441828 0.0727722 0.0445949 0.46793 0.883766 0.883766 -0.46793 0.00157073 14 16
16 0.0740877 0.0438153 0.0754521 0.0430371 0.0747699 0.0434262 0.0741618 0.0438591 0.495459 0.868632 0.868632 -0.495459 0.00157073 15 17
17 0.0754521 0.0430371 0.0767913 0.0422164 0.0761217 0.0426267 0.0755275 0.0430801 0.522499 0.85264 0.85264 -0.522499 0.00157073 16 18
18 0.0767913 0.0422164 0.0781042 0.041354 0.0774478 0.0417852 0.0768681 0.0422586 0.549023 0.835807 0.835807 -0.549023 0.00157073 17 19
19 0.0781042 0.041354 0.0793893 0.0404508 0.0787467 0.0409024 0.0781823 0.0413954 0.575005 0.81815 0.81815 -0.575005 0.00157073 18 20
20 0.0793893 0.0404508 0.0806454 0.0395078 0.0800173 0.0399793 0.0794687 0.0404913 0.60042 0.799685 0.799685 -0.60042 0.00157073 19 21
21 0.0806454 0.0395078 0.0818712 0.0385257 0.0812583 0.0390167 0.080726 0.0395473 0.625243 0.78043 0.78043 -0.625243 0.00157073 20 22
22 0.0818712 0.0385257 0.0830656 0.0375056 0.0824684 0.0380156 0.0819531 0.0385642 0.649448 0.760406 0.760406 -0.649448 0.00157073 21 23
23 0.0830656 0.0375056 0.0842274 0.0364484 0.0836465 0.036977 0.0831487 0.0375431 0.673013 0.739631 0.739631 -0.673013 0.00157073 22 24
24 0.0842274 0.0364484 0.0853553 0.0353553 0.0847913 0.0359019 0.0843116 0.0364849 0.695913 0.718126 0.718126 -0.695913 0.00157073 23 25
25 0.0853553 0.0353553 0.0864484 0.0342274 0.0859019 0.0347913 0.0854407 0.0353907 0.718126 0.695913 0.695913 -0.718126 0.00157073 24 26
26 0.0864484 0.0342274 0.0875056 0.0330656 0.086977 0.0336465 0.0865349 0.0342616 0.739631 0.673013 0.673013 -0.739631 0.00157073 25 27
27 0.0875056 0.0330656 0.0885257 0.0318712 0.0880156 0.0324684 0.0875931 0.0330987 0.760406 0.649448 0.649448 -0.760406 0.00157073 26 28
28 0.0885257 0.0318712 0.0895078 0.0306454 0.0890167 0.0312583 0.0886142 0.0319031 0.78043 0.625243 0.625243 -0.78043 0.00157073 27 29
29 0.0895078 0.0306454 0.0904508 0.0293893 0.0899793 0.0300173 0.0895973 0.030676 0.799685 0.60042 0.60042 -0.799685 0.00157073 28 30
30 0.0904508 0.0293893 0.091354 0.0281042 0.0909024 0.0287467 0.0905413 0.0294187 0.81815 0.575005 0.575005 -0.81815 0.00157073 29 31
31 0.091354 0.0281042 0.0922164 0.0267913 0.0917852 0.0274478 0.0914454 0.0281323 0.835807 0.549023 0.549023 -0.835807 0.00157073 30 32
32 0.0922164 0.0267913 0.0930371 0.0254521 0.0926267 0.0261217 0.0923086 0.0268181 0.85264 0.522499 0.522499 -0.85264 0.00157073 31 33
33 0.0930371 0.0254521 0.0938153 0.0240877 0.0934262 0.0247699 0.0931301 0.0254775 0.868632 0.495459 0.495459 -0.868632 0.00157073 32 34
34 0.0938153 0.0240877 0.0945503 0.0226995 0.0941828 0.0233936 0.0939091 0.0241118 0.883766 0.46793 0.46793 -0.883766 0.00157073 33 35
35 0.0945503 0.0226995 0.0952414 0.021289 0.0948958 0.0219942 0.0946449 0.0227222 0.898028 0.439939 0.439939 -0.898028 0.00157073 34 36
36 0.0952414 0.021289 0.0958877 0.0198574 0.0955645 0.0205732 0.0953366 0.0213103 0.911403 0.411514 0.411514 -0.911403 0.00157073 35 37
37 0.0958877 0.0198574 0.0964888 0.0184062 0.0961883 0.0191318 0.0959836 0.0198773 0.92388 0.382683 0.382683 -0.92388 0.00157073 36 38
38 0.0964888 0.0184062 0.097044 0.0169369 0.0967664 0.0176716 0.0965853 0.0184246 0.935444 0.353475 0.353475 -0.935444 0.00157073 37 39
39 0.097044 0.0169369 0.0975528 0.0154508 0.0972984 0.0161939 0.0971411 0.0169538 0.946085 0.323917 0.323917 -0.946085 0.00157073 38 40
40 0.0975528 0.0154508 0.0980147 0.0139496 0.0977838 0.0147002 0.0976504 0.0154663 0.955793 0.29404 0.29404 -0.955793 0.00157073 39 41
41 0.0980147 0.0139496 0.0984292 0.0124345 0.0982219 0.013192 0.0981127 0.0139635 0.964557 0.263873 0.263873 -0.964557 0.00157073 40 42
42 0.0984292 0.0124345 0.0987958 0.0109072 0.0986125 0.0116708 0.0985276 0.0124469 0.97237 0.233445 0.233445 -0.97237 0.00157073 41 43
43 0.0987958 0.0109072 0.0991144 0.00936907 0.0989551 0.0101381 0.0988946 0.0109181 0.979223 0.202787 0.202787 -0.979223 0.00157073 42 44
44 0.0991144 0.00936907 0.0993844 0.00782172 0.0992494 0.00859539 0.0992135 0.00937843 0.985109 0.171929 0.171929 -0.985109 0.00157073 43 45
45 0.0993844 0.00782172 0.0996057 0.00626666 0.0994951 0.00704419 0.0994838 0.00782954 0.990024 0.140901 0.140901 -0.990024 0.00157073 44 46
46 0.0996057 0.00626666 0.0997781 0.00470542 0.0996919 0.00548604 0.0997053 0.00627293 0.993961 0.109734 0.109734 -0.993961 0.00157073 45 47
47 0.0997781 0.00470542 0.0999013 0.00313953 0.0998397 0.00392247 0.0998779 0.00471012 0.996917 0.0784591 0.0784591 -0.996917 0.00157073 46 48
48 0.0999013 0.00313953 0.0999753 0.00157054 0.0999383 0.00235503 0.100001 0.00314267 0.99889 0.0471065 0.0471065 -0.99889 0.00157073 47 49
49 0.0999753 0.00157054 0.1 3.06162e-018 0.0999877 0.000785269 0.100075 0.00157211 0.999877 0.0157073 0.0157073 -0.999877 0.00157073 48 50
50 0.1 3.06162e-018 0.0999753 -0.00157054 0.0999877 -0.000785269 0.1001 3.06468e-018 0.999877 -0.0157073 -0.0157073 -0.999877 0.00157073 49 51
51 0.0999753 -0.00157054 0.0999013 -0.00313953 0.0999383 -0.00235503 0.100075 -0.00157211 0.99889 -0.0471065 -0.0471065 -0.99889 0.00157073 50 52
52 0.0999013 -0.00313953 0.0997781 -0.00470542 0.0998397 -0.00392247 0.100001 -0.00314267 0.996917 -0.0784591 -0.0784591 -0.996917 0.00157073 51 53
53 0.0997781 -0.00470542 0.0996057 -0.00626666 0.0996919 -0.00548604 0.0998779 -0.00471012 0.993961 -0.109734 -0.109734 -0.993961 0.00157073 52 54
54 0.0996057 -0.00626666 0.0993844 -0.00782172 0.0994951 -0.00704419 0.0997053 -0.00627293 0.990024 -0.140901 -0.140901 -0.990024 0.00157073 53 55
55 0.0993844 -0.00782172 0.0991144 -0.00936907 0.0992494 -0.00859539 0.0994838 -0.00782954 0.985109 -0.171929 -0.171929 -0.985109 0.00157073 54 56
56 0.0991144 -0.00936907 0.0987958 -0.0109072 0.0989551 -0.0101381 0.0992135 -0.00937843 0.979223 -0.202787 -0.202787 -0.979223 0.00157073 55 57
57 0.0987958 -0.0109072 0.0984292 -0.0124345 0.0986125 -0.0116708 0.0988946 -0.0109181 0.97237 -0.233445 -0.233445 -0.97237 0.00157073 56 58
58 0.0984292 -0.0124345 0.0980147 -0.0139496 0.0982219 -0.013192 0.0985276 -0.0124469 0.964557 -0.263873 -0.263873 -0.964557 0.00157073 57 59
59 0.0980147 -0.0139496 0.0975528 -0.0154508 0.0977838 -0.0147002 0.0981127 -0.0139635 0.955793 -0.29404 -0.29404 -0.955793 0.00157073 58 60
60 0.0975528 -0.0154508 0.097044 -0.0169369 0.0972984 -0.0161939 0.0976504 -0.0154663 0.946085 -0.323917 -0.323917 -0.946085 0.00157073 59 61
61 0.097044 -0.0169369 0.0964888 -0.0184062 0.0967664 -0.0176716 0.0971411 -0.0169538 0.935444 -0.353475 -0.353475 -0.935444 0.00157073 60 62
62 0.0964888 -0.0184062 0.0958877 -0.0198574 0.0961883 -0.0191318 0.0965853 -0.0184246 0.92388 -0.382683 -0.382683 -0.92388 0.00157073 61 63
63 0.0958877 -0.0198574 0.0952414 -0.021289 0.0955645 -0.0205732 0.0959836 -0.0198773 0.911403 -0.411514 -0.411514 -0.911403 0.00157073 62 64
64 0.0952414 -0.021289 0.0945503 -0.0226995 0.0948958 -0.0219942 0.0953366 -0.0213103 0.898028 -0.439939 -0.439939 -0.898028 0.00157073 63 65
65 0.0945503 -0.0226995 0.0938153 -0.0240877 0.0941828 -0.0233936 0.0946449 -0.0227222 0.883766 -0.46793 -0.46793 -0.883766 0.00157073 64 66
66 0.0938153 -0.0240877 0.0930371 -0.0254521 0.0934262 -0.0247699 0.0939091 -0.0241118 0.868632 -0.495459 -0.495459 -0.868632 0.00157073 65 67
67 0.0930371 -0.0254521 0.0922164 -0.0267913 0.0926267 -0.0261217 0.0931301 -0.0254775 0.85264 -0.522499 -0.522499 -0.85264 0.00157073 66 68
68 0.0922164 -0.0267913 0.091354 -0.0281042 0.0917852 -0.0274478 0.0923086 -0.0268181 0.835807 -0.549023 -0.549023 -0.835807 0.00157073 67 69
69 0.091354 -0.0281042 0.0904508 -0.0293893 0.0909024 -0.0287467 0.0914454 -0.0281323 0.81815 -0.575005 -0.575005 -0.81815 0.00157073 68 70
70 0.0904508 -0.0293893 0.0895078 -0.0306454 0.0899793 -0.0300173 0.0905413 -0.0294187 0.799685 -0.60042 -0.60042 -0.799685 0.00157073 69 71
71 0.0895078 -0.0306454 0.0885257 -0.0318712 0.0890167 -0.0312583 0.0895973 -0.030676 0.78043 -0.625243 -0.625243 -0.78043 0.00157073 70 72
72 0.0885257 -0.0318712 0.0875056 -0.0330656 0.0880156 -0.0324684 0.0886142 -0.0319031 0.760406 -0.649448 -0.649448 -0.760406 0.00157073 71 73
73 0.0875056 -0.0330656 0.0864484 -0.0342274 0.086977 -0.0336465 0.0875931 -0.0330987 0.739631 -0.673013 -0.673013 -0.739631 0.00157073 72 74
74 0.0864484 -0.0342274 0.0853553 -0.0353553 0.0859019 -0.0347913 0.0865349 -0.0342616 0.718126 -0.695913 -0.695913 -0.718126 0.00157073 73 75
75 0.0853553 -0.0353553 0.0842274 -0.0364484 0.0847913 -0.0359019 0.0854407 -0.0353907 0.695913 -0.718126 -0.718126 -0.695913 0.00157073 74 76
76 0.0842274 -0.0364484 0.0830656 -0.0375056 0.0836465 -0.036977 0.0843116 -0.0364849 0.673013 -0.739631 -0.739631 -0.673013 0.00157073 75 77
77 0.0830656 -0.0375056 0.0818712 -0.0385257 0.0824684 -0.0380156 0.0831487 -0.0375431 0.649448 -0.760406 -0.760406 -0.649448 0.00157073 76 78
78 0.0818712 -0.0385257 0.0806454 -0.0395078 0.0812583 -0.0390167 0.0819531 -0.0385642 0.625243 -0.78043 -0.78043 -0.625243 0.00157073 77 79
79 0.0806454 -0.0395078 0.0793893 -0.0404508 0.0800173 -0.0399793 0.080726 -0.0395473 0.60042 -0.799685 -0.799685 -0.60042 0.00157073 78 80
80 0.0793893 -0.0404508 0.0781042 -0.041354 0.0787467 -0.0409024 0.0794687 -0.0404913 0.575005 -0.81815 -0.81815 -0.575005 0.00157073 79 81
81 0.0781042 -0.041354 0.0767913 -0.0422164 0.0774478 -0.0417852 0.0781823 -0.0413954 0.549023 -0.835807 -0.835807 -0.549023 0.00157073 80 82
82 0.0767913 -0.0422164 0.0754521 -0.0430371 0.0761217 -0.0426267 0.0768681 -0.0422586 0.522499 -0.85264 -0.85264 -0.522499 0.00157073 81 83
83 0.0754521 -0.0430371 0.0740877 -0.0438153 0.0747699 -0.0434262 0.0755275 -0.0430801 0.495459 -0.868632 -0.868632 -0.495459 0.00157073 82 84
84 0.0740877 -0.0438153 0.0726995 -0.0445503 0.0733936 -0.0441828 0.0741618 -0.0438591 0.46793 -0.883766 -0.883766 -0.46793 0.00157073 83 85
85 0.0726995 -0.0445503 0.071289 -0.0452414 0.0719942 -0.0448958 0.0727722 -0.0445949 0.439939 -0.898028 -0.898028 -0.439939 0.00157073 84 86
86 0.071289 -0.0452414 0.0698574 -0.0458877 0.0705732 -0.0455645 0.0713603 -0.0452866 0.411514 -0.911403 -0.911403 -0.411514 0.00157073 85 87
87 0.0698574 -0.0458877 0.0684062 -0.0464888 0.0691318 -0.0461883 0.0699273 -0.0459336 0.382683 -0.92388 -0.92388 -0.382683 0.00157073 86 88
88 0.0684062 -0.0464888 0.0669369 -0.047044 0.0676716 -0.0467664 0.0684746 -0.0465353 0.353475 -0.935444 -0.935444 -0.353475 0.00157073 87 89
89 0.0669369 -0.047044 0.0654508 -0.0475528 0.0661939 -0.0472984 0.0670038 -0.0470911 0.323917 -0.946085 -0.946085 -0.323917 0.00157073 88 90
90 0.0654508 -0.0475528 0.0639496 -0.0480147 0.0647002 -0.0477838 0.0655163 -0.0476004 0.29404 -0.955793 -0.955793 -0.29404 0.00157073 89 91
91 0.0639496 -0.0480147 0.0624345 -0.0484292 0.063192 -0.0482219 0.0640135 -0.0480627 0.263873 -0.964557 -0.964557 -0.263873 0.00157073 90 92
92 0.0624345 -0.0484292 0.0609072 -0.0487958 0.0616708 -0.0486125 0.0624969 -0.0484776 0.233445 -0.97237 -0.97237 -0.233445 0.00157073 91 93
93 0.0609072 -0.0487958 0.0593691 -0.0491144 0.0601381 -0.0489551 0.0609681 -0.0488446 0.202787 -0.979223 -0.979223 -0.202787 0.00157073 92 94
94 0.0593691 -0.0491144 0.0578217 -0.0493844 0.0585954 -0.0492494 0.0594284 -0.0491635 0.171929 -0.985109 -0.985109 -0.171929 0.00157073 93 95
95 0.0578217 -0.0493844 0.0562667 -0.0496057 0.0570442 -0.0494951 0.0578795 -0.0494338 0.140901 -0.990024 -0.990024 -0.140901 0.00157073 94 96
96 0.0562667 -0.0496057 0.0547054 -0.0497781 0.055486 -0.0496919 0.0563229 -0.0496553 0.109734 -0.993961 -0.993961 -0.109734 0.00157073 95 97
97 0.0547054 -0.0497781 0.0531395 -0.0499013 0.0539225 -0.0498397 0.0547601 -0.0498279 0.0784591 -0.996917 -0.996917 -0.0784591 0.00157073 96 98
98 0.0531395 -0.0499013 0.0515705 -0.0499753 0.052355 -0.0499383 0.0531927 -0.0499512 0.0471065 -0.99889 -0.99889 -0.0471065 0.00157073 97 99
99 0.0515705 -0.0499753 0.05 -0.05 0.0507853 -0.0499877 0.0516221 -0.0500253 0.0157073 -0.999877 -0.999877 -0.0157073 0.00157073 98 100
100 0.05 -0.05 0.0484295 -0.0499753 0.0492147 -0.0499877 0.05005 -0.05005 -0.0157073 -0.999877 -0.999877 0.0157073 0.00157073 99 101
101 0.0484295 -0.0499753 0.0468605 -0.0499013 0.047645 -0.0499383 0.0484779 -0.0500253 -0.0471065 -0.99889 -0.99889 0.0471065 0.00157073 100 102
102 0.0468605 -0.0499013 0.0452946 -0.0497781 0.0460775 -0.0498397 0.0469073 -0.0499512 -0.0784591 -0.996917 -0.996917 0.0784591 0.00157073 101 103
103 0.0452946 -0.0497781 0.0437333 -0.0496057 0.044514 -0.0496919 0.0453399 -0.0498279 -0.109734 -0.993961 -0.993961 0.109734 0.00157073 102 104
104 0.0437333 -0.0496057 0.0421783 -0.0493844 0.0429558 -0.0494951 0.0437771 -0.0496553 -0.140901 -0.990024 -0.990024 0.140901 0.00157073 103 105
105 0.0421783 -0.0493844 0.0406309 -0.0491144 0.0414046 -0.0492494 0.0422205 -0.0494338 -0.171929 -0.985109 -0.985109 0.171929 0.00157073 104 106
106 0.0406309 -0.0491144 0.0390928 -0.0487958 0.0398619 -0.0489551 0.0406716 -0.0491635 -0.202787 -0.979223 -0.979223 0.202787 0.00157073 105 107
107 0.0390928 -0.0487958 0.0375655 -0.0484292 0.0383292 -0.0486125 0.0391319 -0.0488446 -0.233445 -0.97237 -0.97237 0.233445 0.00157073 106 108
108 0.0375655 -0.0484292 0.0360504 -0.0480147 0.036808 -0.0482219 0.0376031 -0.0484776 -0.263873 -0.964557 -0.964557 0.263873 0.00157073 107 109
109 0.0360504 -0.0480147 0.0345492 -0.0475528 0.0352998 -0.0477838 0.0360865 -0.0480627 -0.29404 -0.955793 -0.955793 0.29404 0.00157073 108 110
110 0.0345492 -0.0475528 0.0330631 -0.047044 0.0338061 -0.0472984 0.0345837 -0.0476004 -0.323917 -0.946085 -0.946085 0.323917 0.00157073 109 111
111 0.0330631 -0.047044 0.0315938 -0.0464888 0.0323284 -0.0467664 0.0330962 -0.0470911 -0.353475 -0.935444 -0.935444 0.353475 0.00157073 110 112
112 0.0315938 -0.0464888 0.0301426 -0.0458877 0.0308682 -0.0461883 0.0316254 -0.0465353 -0.382683 -0.92388 -0.92388 0.382683 0.00157073 111 113
113 0.0301426 -0.0458877 0.028711 -0.0452414 0.0294268 -0.0455645 0.0301727 -0.0459336 -0.411514 -0.911403 -0.911403 0.411514 0.00157073 112 114
114 0.028711 -0.0452414 0.0273005 -0.0445503 0.0280058 -0.0448958 0.0287397 -0.0452866 -0.439939 -0.898028 -0.898028 0.439939 0.00157073 113 115
115 0.0273005 -0.0445503 0.0259123 -0.0438153 0.0266064 -0.0441828 0.0273278 -0.0445949 -0.46793 -0.883766 -0.883766 0.46793 0.00157073 114 116
116 0.0259123 -0.0438153 0.0245479 -0.0430371 0.0252301 -0.0434262 0.0259382 -0.0438591 -0.495459 -0.868632 -0.868632 0.495459 0.00157073 115 117
117 0.0245479 -0.0430371 0.0232087 -0.0422164 0.0238783 -0.0426267 0.0245725 -0.0430801 -0.522499 -0.85264 -0.85264 0.522499 0.00157073 116 118
118 0.0232087 -0.0422164 0.0218958 -0.041354 0.0225522 -0.0417852 0.0232319 -0.0422586 -0.549023 -0.835807 -0.835807 0.549023 0.00157073 117 119
119 0.0218958 -0.041354 0.0206107 -0.0404508 0.0212533 -0.0409024 0.0219177 -0.0413954 -0.575005 -0.81815 -0.81815 0.575005 0.00157073 118 120
120 0.0206107 -0.0404508 0.0193546 -0.0395078 0.0199827 -0.0399793 0.0206313 -0.0404913 -0.60042 -0.799685 -0.799685 0.60042 0.00157073 119 121
121 0.0193546 -0.0395078 0.0181288 -0.0385257 0.0187417 -0.0390167 0.019374 -0.0395473 -0.625243 -0.78043 -0.78043 0.625243 0.00157073 120 122
122 0.0181288 -0.0385257 0.0169344 -0.0375056 0.0175316 -0.0380156 0.0181469 -0.0385642 -0.649448 -0.760406 -0.760406 0.649448 0.00157073 121 123
123 0.0169344 -0.0375056 0.0157726 -0.0364484 0.0163535 -0.036977 0.0169513 -0.0375431 -0.673013 -0.739631 -0.739631 0.673013 0.00157073 122 124
124 0.0157726 -0.0364484 0.0146447 -0.0353553 0.0152087 -0.0359019 0.0157884 -0.0364849 -0.695913 -0.718126 -0.718126 0.695913 0.00157073 123 125
125 0.0146447 -0.0353553 0.0135516 -0.0342274 0.0140981 -0.0347913 0.0146593 -0.0353907 -0.718126 -0.695913 -0.695913 0.718126 0.00157073 124 126
126 0.0135516 -0.0342274 0.0124944 -0.0330656 0.013023 -0.0336465 0.0135651 -0.0342616 -0.739631 -0.673013 -0.673013 0.739631 0.00157073 125 127
127 0.0124944 -0.0330656 0.0114743 -0.0318712 0.0119844 -0.0324684 0.0125069 -0.0330987 -0.760406 -0.649448 -0.649448 0.760406 0.00157073 126 128
128 0.0114743 -0.0318712 0.0104922 -0.0306454 0.0109833 -0.0312583 0.0114858 -0.0319031 -0.78043 -0.625243 -0.625243 0.78043 0.00157073 127 129
129 0.0104922 -0.0306454 0.00954915 -0.0293893 0.0100207 -0.0300173 0.0105027 -0.030676 -0.799685 -0.60042 -0.60042 0.799685 0.00157073 128 130
130 0.00954915 -0.0293893 0.00864597 -0.0281042 0.00909756 -0.0287467 0.0095587 -0.0294187 -0.81815 -0.575005 -0.575005 0.81815 0.00157073 129 131
131 0.00864597 -0.0281042 0.0077836 -0.0267913 0.00821479 -0.0274478 0.00865462 -0.0281323 -0.835807 -0.549023 -0.549023 0.835807 0.00157073 130 132
132 0.0077836 -0.0267913 0.0069629 -0.0254521 0.00737325 -0.0261217 0.00779139 -0.0268181 -0.85264 -0.522499 -0.522499 0.85264 0.00157073 131 133
133 0.0069629 -0.0254521 0.00618467 -0.0240877 0.00657378 -0.0247699 0.00696986 -0.0254775 -0.868632 -0.495459 -0.495459 0.868632 0.00157073 132 134
134 0.00618467 -0.0240877 0.00544967 -0.0226995 0.00581717 -0.0233936 0.00619085 -0.0241118 -0.883766 -0.46793 -0.46793 0.883766 0.00157073 133 135
135 0.00544967 -0.0226995 0.00475865 -0.021289 0.00510416 -0.0219942 0.00545512 -0.0227222 -0.898028 -0.439939 -0.439939 0.898028 0.00157073 134 136
136 0.00475865 -0.021289 0.00411227 -0.0198574 0.00443546 -0.0205732 0.00476341 -0.0213103 -0.911403 -0.411514 -0.411514 0.911403 0.00157073 135 137
137 0.00411227 -0.0198574 0.00351118 -0.0184062 0.00381172 -0.0191318 0.00411638 -0.0198773 -0.92388 -0.382683 -0.382683 0.92388 0.00157073 136 138
138 0.00351118 -0.0184062 0.00295596 -0.0169369 0.00323357 -0.0176716 0.00351469 -0.0184246 -0.935444 -0.353475 -0.353475 0.935444 0.00157073 137 139
139 0.00295596 -0.0169369 0.00244717 -0.0154508 0.00270157 -0.0161939 0.00295892 -0.0169538 -0.946085 -0.323917 -0.323917 0.946085 0.00157073 138 140
140 0.00244717 -0.0154508 0.00198532 -0.0139496 0.00221624 -0.0147002 0.00244962 -0.0154663 -0.955793 -0.29404 -0.29404 0.955793 0.00157073 139 141
141 0.00198532 -0.0139496 0.00157084 -0.0124345 0.00177808 -0.013192 0.0019873 -0.0139635 -0.964557 -0.263873 -0.263873 0.964557 0.00157073 140 142
142 0.00157084 -0.0124345 0.00120416 -0.0109072 0.0013875 -0.0116708 0.00157241 -0.0124469 -0.97237 -0.233445 -0.233445 0.97237 0.00157073 141 143
143 0.00120416 -0.0109072 0.000885637 -0.00936907 0.0010449 -0.0101381 0.00120537 -0.0109181 -0.979223 -0.202787 -0.202787 0.979223 0.00157073 142 144
144 0.000885637 -0.00936907 0.000615583 -0.00782172 0.00075061 -0.00859539 0.000886523 -0.00937843 -0.985109 -0.171929 -0.171929 0.985109 0.00157073 143 145
145 0.000615583 -0.00782172 0.000394265 -0.00626666 0.000504924 -0.00704419 0.000616199 -0.00782954 -0.990024 -0.140901 -0.140901 0.990024 0.00157073 144 146
146 0.000394265 -0.00626666 0.000221902 -0.00470542 0.000308083 -0.00548604 0.000394659 -0.00627293 -0.993961 -0.109734 -0.109734 0.993961 0.00157073 145 147
147 0.000221902 -0.00470542 9.86636e-005 -0.00313953 0.000160283 -0.00392247 0.000222124 -0.00471012 -0.996917 -0.0784591 -0.0784591 0.996917 0.00157073 146 148
148 9.86636e-005 -0.00313953 2.4672e-005 -0.00157054 6.16678e-005 -0.00235503 9.87622e-005 -0.00314267 -0.99889 -0.0471065 -0.0471065 0.99889 0.00157073 147 149
149 2.4672e-005 -0.00157054 0 -9.18485e-018 1.2336e-005 -0.000785269 2.46967e-005 -0.00157211 -0.999877 -0.0157073 -0.0157073 0.999877 0.00157073 148 150
150 0 -9.18485e-018 2.4672e-005 0.00157054 1.2336e-005 0.000785269 0 -9.19404e-018 -0.999877 0.0157073 0.0157073 0.999877 0.00157073 149 151
151 2.4672e-005 0.00157054 9.86636e-005 0.00313953 6.16678e-005 0.00235503 2.46967e-005 0.00157211 -0.99889 0.0471065 0.0471065 0.99889 0.00157073 150 152
152 9.86636e-005 0.00313953 0.000221902 0.00470542 0.000160283 0.00392247 9.87622e-005 0.00314267 -0.996917 0.0784591 0.0784591 0.996917 0.00157073 151 153
153 0.000221902 0.00470542 0.000394265 0.00626666 0.000308083 0.00548604 0.000222124 0.00471012 -0.993961 0.109734 0.109734 0.993961 0.00157073 152 154
154 0.000394265 0.00626666 0.000615583 0.00782172 0.000504924 0.00704419 0.000394659 0.00627293 -0.990024 0.140901 0.140901 0.990024 0.00157073 153 155
155 0.000615583 0.00782172 0.000885637 0.00936907 0.00075061 0.00859539 0.000616199 0.00782954 -0.985109 0.171929 0.171929 0.985109 0.00157073 154 156
156 0.000885637 0.00936907 0.00120416 0.0109072 0.0010449 0.0101381 0.000886523 0.00937843 -0.979223 0.202787 0.202787 0.979223 0.00157073 155 157
157 0.00120416 0.0109072 0.00157084 0.0124345 0.0013875 0.0116708 0.00120537 0.0109181 -0.97237 0.233445 0.233445 0.97237 0.00157073 156 158
158 0.00157084 0.0124345 0.00198532 0.0139496 0.00177808 0.013192 0.00157241 0.0124469 -0.964557 0.263873 0.263873 0.964557 0.00157073 157 159
159 0.00198532 0.0139496 0.00244717 0.0154508 0.00221624 0.0147002 0.0019873 0.0139635 -0.955793 0.29404 0.29404 0.955793 0.00157073 158 160
160 0.00244717 0.0154508 0.00295596 0.0169369 0.00270157 0.0161939 0.00244962 0.0154663 -0.946085 0.323917 0.323917 0.946085 0.00157073 159 161
161 0.00295596 0.0169369 0.00351118 0.0184062 0.00323357 0.0176716 0.00295892 0.0169538 -0.935444 0.353475 0.353475 0.935444 0.00157073 160 162
162 0.00351118 0.0184062 0.00411227 0.0198574 0.00381172 0.0191318 0.00351469 0.0184246 -0.92388 0.382683 0.382683 0.92388 0.00157073 161 163
163 0.00411227 0.0198574 0.00475865 0.021289 0.00443546 0.0205732 0.00411638 0.0198773 -0.911403 0.411514 0.411514 0.911403 0.00157073 162 164
164 0.00475865 0.021289 0.00544967 0.0226995 0.00510416 0.0219942 0.00476341 0.0213103 -0.898028 0.439939 0.439939 0.898028 0.00157073 163 165
165 0.00544967 0.0226995 0.00618467 0.0240877 0.00581717 0.0233936 0.00545512 0.0227222 -0.883766 0.46793 0.46793 0.883766 0.00157073 164 166
166 0.00618467 0.0240877 0.0069629 0.0254521 0.00657378 0.0247699 0.00619085 0.0241118 -0.868632 0.495459 0.495459 0.868632 0.00157073 165 167
167 0.0069629 0.0254521 0.0077836 0.0267913 0.00737325 0.0261217 0.00696986 0.0254775 -0.85264 0.522499 0.522499 0.85264 0.00157073 166 168
168 0.0077836 0.0267913 0.00864597 0.0281042 0.00821479 0.0274478 0.00779139 0.0268181 -0.835807 0.549023 0.549023 0.835807 0.00157073 167 169
169 0.00864597 0.0281042 0.00954915 0.0293893 0.00909756 0.0287467 0.00865462 0.0281323 -0.81815 0.575005 0.575005 0.81815 0.00157073 168 170
170 0.00954915 0.0293893 0.0104922 0.0306454 0.0100207 0.0300173 0.0095587 0.0294187 -0.799685 0.60042 0.60042 0.799685 0.00157073 169 171
171 0.0104922 0.0306454 0.0114743 0.0318712 0.0109833 0.0312583 0.0105027 0.030676 -0.78043 0.625243 0.625243 0.78043 0.00157073 170 172
172 0.0114743 0.0318712 0.0124944 0.0330656 0.0119844 0.0324684 0.0114858 0.0319031 -0.760406 0.649448 0.649448 0.760406 0.00157073 171 173
173 0.0124944 0.0330656 0.0135516 0.0342274 0.013023 0.0336465 0.0125069 0.0330987 -0.739631 0.673013 0.673013 0.739631 0.00157073 172 174
174 0.0135516 0.0342274 0.0146447 0.0353553 0.0140981 0.0347913 0.0135651 0.0342616 -0.718126 0.695913 0.695913 0.718126 0.00157073 173 175
175 0.0146447 0.0353553 0.0157726 0.0364484 0.0152087 0.0359019 0.0146593 0.0353907 -0.695913 0.718126 0.718126 0.695913 0.00157073 174 176
176 0.0157726 0.0364484 0.0169344 0.0375056 0.0163535 0.036977 0.0157884 0.0364849 -0.673013 0.739631 0.739631 0.673013 0.00157073 175 177
177 0.0169344 0.0375056 0.0181288 0.0385257 0.0175316 0.0380156 0.0169513 0.0375431 -0.649448 0.760406 0.760406 0.649448 0.00157073 176 178
178 0.0181288 0.0385257 0.0193546 0.0395078 0.0187417 0.0390167 0.0181469 0.0385642 -0.625243 0.78043 0.78043 0.625243 0.00157073 177 179
179 0.0193546 0.0395078 0.0206107 0.0404508 0.0199827 0.0399793 0.019374 0.0395473 -0.60042 0.799685 0.799685 0.60042 0.00157073 178 180
180 0.0206107 0.0404508 0.0218958 0.041354 0.0212533 0.0409024 0.0206313 0.0404913 -0.575005 0.81815 0.81815 0.575005 0.00157073 179 181
181 0.0218958 0.041354 0.0232087 0.0422164 0.0225522 0.0417852 0.0219177 0.0413954 -0.549023 0.835807 0.835807 0.549023 0.00157073 180 182
182 0.0232087 0.0422164 0.0245479 0.0430371 0.0238783 0.0426267 0.0232319 0.0422586 -0.522499 0.85264 0.85264 0.522499 0.00157073 181 183
183 0.0245479 0.0430371 0.0259123 0.0438153 0.0252301 0.0434262 0.0245725 0.0430801 -0.495459 0.868632 0.868632 0.495459 0.00157073 182 184
184 0.0259123 0.0438153 0.0273005 0.0445503 0.0266064 0.0441828 0.0259382 0.0438591 -0.46793 0.883766 0.883766 0.46793 0.00157073 183 185
185 0.0273005 0.0445503 0.028711 0.0452414 0.0280058 0.0448958 0.0273278 0.0445949 -0.439939 0.898028 0.898028 0.439939 0.00157073 184 186
186 0.028711 0.0452414 0.0301426 0.0458877 0.0294268 0.0455645 0.0287397 0.0452866 -0.411514 0.911403 0.911403 0.411514 0.00157073 185 187
187 0.0301426 0.0458877 0.0315938 0.0464888 0.0308682 0.0461883 0.0301727 0.0459336 -0.382683 0.92388 0.92388 0.382683 0.00157073 186 188
188 0.0315938 0.0464888 0.0330631 0.047044 0.0323284 0.0467664 0.0316254 0.0465353 -0.353475 0.935444 0.935444 0.353475 0.00157073 187 189
189 0.0330631 0.047044 0.0345492 0.0475528 0.0338061 0.0472984 0.0330962 0.0470911 -0.323917 0.946085 0.946085 0.323917 0.00157073 188 190
190 0.0345492 0.0475528 0.0360504 0.0480147 0.0352998 0.0477838 0.0345837 0.0476004 -0.29404 0.955793 0.955793 0.29404 0.00157073 189 191
191 0.0360504 0.0480147 0.0375655 0.0484292 0.036808 0.0482219 0.0360865 0.0480627 -0.263873 0.964557 0.964557 0.263873 0.00157073 190 192
192 0.0375655 0.0484292 0.0390928 0.0487958 0.0383292 0.0486125 0.0376031 0.0484776 -0.233445 0.97237 0.97237 0.233445 0.00157073 191 193
193 0.0390928 0.0487958 0.0406309 0.0491144 0.0398619 0.0489551 0.0391319 0.0488446 -0.202787 0.979223 0.979223 0.202787 0.00157073 192 194
194 0.0406309 0.0491144 0.0421783 0.0493844 0.0414046 0.0492494 0.0406716 0.0491635 -0.171929 0.985109 0.985109 0.171929 0.00157073 193 195
195 0.0421783 0.0493844 0.0437333 0.0496057 0.0429558 0.0494951 0.0422205 0.0494338 -0.140901 0.990024 0.990024 0.140901 0.00157073 194 196
196 0.0437333 0.0496057 0.0452946 0.0497781 0.044514 0.0496919 0.0437771 0.0496553 -0.109734 0.993961 0.993961 0.109734 0.00157073 195 197
197 0.0452946 0.0497781 0.0468605 0.0499013 0.0460775 0.0498397 0.0453399 0.0498279 -0.0784591 0.996917 0.996917 0.0784591 0.00157073 196 198
198 0.0468605 0.0499013 0.0484295 0.0499753 0.047645 0.0499383 0.0469073 0.0499512 -0.0471065 0.99889 0.99889 0.0471065 0.00157073 197 199
199 0.0484295 0.0499753 0.05 0.05 0.0492147 0.0499877 0.0484779 0.0500253 -0.0157073 0.999877 0.999877 0.0157073 0.00157073 198 0
