5184
0 0.000593695
1 0.000593713
2 0.000593786
3 0.000593972
4 0.000593756
5 0.000594011
6 0.000593724
7 0.000594016
8 0.000594464
9 0.000594185
10 0.000594704
11 0.000595048
12 0.000595095
13 0.000595625
14 0.000596399
15 0.000596619
16 0.000597019
17 0.000597691
18 0.00059818
19 0.000594894
20 0.000590114
21 0.000587363
22 0.000587324
23 0.000587001
24 0.000586983
25 0.00058727
26 0.000587263
27 0.000586963
28 0.000586958
29 0.000587252
30 0.000587249
31 0.000586952
32 0.000586949
33 0.000587245
34 0.000587244
35 0.000586948
36 0.000586946
37 0.000587242
38 0.000587241
39 0.000586946
40 0.000586944
41 0.000587241
42 0.00058724
43 0.000586944
44 0.000586942
45 0.00058724
46 0.00058724
47 0.000586943
48 0.000586942
49 0.00058724
50 0.000587239
51 0.000586943
52 0.000586942
53 0.00058724
54 0.000587239
55 0.000586943
56 0.000586941
57 0.00058724
58 0.000587239
59 0.000586906
60 0.00058724
61 0.000587239
62 0.000586944
63 0.000586943
64 0.00058724
65 0.000587239
66 0.000586944
67 0.000586943
68 0.00058724
69 0.000587239
70 0.000586944
71 0.000586943
72 0.00058724
73 0.000587239
74 0.000586944
75 0.000586943
76 0.00058724
77 0.00058724
78 0.000586944
79 0.000586943
80 0.00058724
81 0.00058724
82 0.000586943
83 0.000586942
84 0.00058724
85 0.00058724
86 0.000586944
87 0.000586942
88 0.00058724
89 0.00058724
90 0.000586944
91 0.000586942
92 0.000587241
93 0.00058724
94 0.000586944
95 0.000586943
96 0.000587241
97 0.00058724
98 0.000586907
99 0.000587241
100 0.00058724
101 0.000586945
102 0.000586944
103 0.000587241
104 0.00058724
105 0.000586945
106 0.000586944
107 0.000587241
108 0.00058724
109 0.000586945
110 0.000586944
111 0.000587241
112 0.000587241
113 0.000586945
114 0.000586944
115 0.000587241
116 0.000587241
117 0.000586946
118 0.000586944
119 0.000587241
120 0.000587241
121 0.000586944
122 0.000586943
123 0.000587241
124 0.000587241
125 0.000586945
126 0.000586943
127 0.000587241
128 0.000587241
129 0.000586945
130 0.000586943
131 0.000587241
132 0.000587241
133 0.000586945
134 0.000586943
135 0.000587242
136 0.000587241
137 0.000586908
138 0.000587242
139 0.000587241
140 0.000586946
141 0.000586945
142 0.000587242
143 0.000587241
144 0.000586946
145 0.000586945
146 0.000587242
147 0.000587241
148 0.000586946
149 0.000586945
150 0.000587242
151 0.000587241
152 0.000586946
153 0.000586945
154 0.000587242
155 0.000587241
156 0.000586945
157 0.000586944
158 0.000587242
159 0.000587241
160 0.000586945
161 0.000586944
162 0.000587242
163 0.000587242
164 0.000586945
165 0.000586944
166 0.000587242
167 0.000587242
168 0.000586945
169 0.000586944
170 0.000587242
171 0.000587242
172 0.000586945
173 0.000586944
174 0.000587242
175 0.000587242
176 0.000586909
177 0.000587242
178 0.000587242
179 0.000586947
180 0.000586945
181 0.000587242
182 0.000587242
183 0.000586947
184 0.000586945
185 0.000587242
186 0.000587242
187 0.000586947
188 0.000586945
189 0.000587242
190 0.000587242
191 0.000586947
192 0.000586945
193 0.000587242
194 0.000587242
195 0.000586947
196 0.000586945
197 0.000587242
198 0.000587242
199 0.000586946
200 0.000586944
201 0.000587242
202 0.000587242
203 0.000586946
204 0.000586944
205 0.000587242
206 0.000587242
207 0.000586946
208 0.000586944
209 0.000587243
210 0.000587242
211 0.000586946
212 0.000586944
213 0.000587243
214 0.000587242
215 0.000586909
216 0.000587243
217 0.000587242
218 0.000586947
219 0.000586946
220 0.000587243
221 0.000587242
222 0.000586947
223 0.000586946
224 0.000587243
225 0.000587242
226 0.000586947
227 0.000586946
228 0.000587243
229 0.000587242
230 0.000586947
231 0.000586946
232 0.000587243
233 0.000587242
234 0.000586947
235 0.000586946
236 0.000587243
237 0.000587242
238 0.000586946
239 0.000586945
240 0.000587243
241 0.000587242
242 0.000586946
243 0.000586945
244 0.000587243
245 0.000587242
246 0.000586946
247 0.000586945
248 0.000587243
249 0.000587242
250 0.000586946
251 0.000586945
252 0.000587243
253 0.000587242
254 0.000586909
255 0.000587243
256 0.000587242
257 0.000586947
258 0.000586946
259 0.000587243
260 0.000587242
261 0.000586947
262 0.000586946
263 0.000587243
264 0.000587242
265 0.000586947
266 0.000586946
267 0.000587243
268 0.000587242
269 0.000586947
270 0.000586946
271 0.000587243
272 0.000587243
273 0.000586946
274 0.000586945
275 0.000587243
276 0.000587243
277 0.000586946
278 0.000586945
279 0.000587243
280 0.000587243
281 0.000586946
282 0.000586945
283 0.000587243
284 0.000587243
285 0.000586946
286 0.000586945
287 0.000587243
288 0.000587243
289 0.000586946
290 0.000586945
291 0.000587243
292 0.000587243
293 0.000586909
294 0.000587243
295 0.000587243
296 0.000586947
297 0.000586946
298 0.000587243
299 0.000587243
300 0.000586947
301 0.000586946
302 0.000587243
303 0.000587243
304 0.000586947
305 0.000586946
306 0.000587243
307 0.000587243
308 0.000586947
309 0.000586946
310 0.000587243
311 0.000587243
312 0.000586946
313 0.000586945
314 0.000587243
315 0.000587243
316 0.000586946
317 0.000586945
318 0.000587243
319 0.000587243
320 0.000586946
321 0.000586945
322 0.000587243
323 0.000587243
324 0.000586946
325 0.000586945
326 0.000587243
327 0.000587243
328 0.000586946
329 0.000586945
330 0.000587243
331 0.000587243
332 0.00058691
333 0.000587243
334 0.000587243
335 0.000586948
336 0.000586946
337 0.000587243
338 0.000587243
339 0.000586948
340 0.000586946
341 0.000587243
342 0.000587243
343 0.000586948
344 0.000586946
345 0.000587243
346 0.000587243
347 0.000586948
348 0.000586946
349 0.000587243
350 0.000587243
351 0.000586948
352 0.000586946
353 0.000587243
354 0.000587243
355 0.000586946
356 0.000586945
357 0.000587243
358 0.000587243
359 0.000586947
360 0.000586945
361 0.000587243
362 0.000587243
363 0.000586947
364 0.000586945
365 0.000587243
366 0.000587243
367 0.000586947
368 0.000586945
369 0.000587243
370 0.000587243
371 0.00058691
372 0.000587243
373 0.000587243
374 0.000586948
375 0.000586946
376 0.000587243
377 0.000587243
378 0.000586948
379 0.000586946
380 0.000587243
381 0.000587243
382 0.000586948
383 0.000586946
384 0.000587243
385 0.000587243
386 0.000586948
387 0.000586946
388 0.000587243
389 0.000587243
390 0.000586948
391 0.000586946
392 0.000587243
393 0.000587243
394 0.000586947
395 0.000586945
396 0.000587243
397 0.000587243
398 0.000586947
399 0.000586945
400 0.000587243
401 0.000587243
402 0.000586947
403 0.000586945
404 0.000587243
405 0.000587243
406 0.000586947
407 0.000586945
408 0.000587243
409 0.000587243
410 0.00058691
411 0.000587243
412 0.000587243
413 0.000586948
414 0.000586946
415 0.000587243
416 0.000587243
417 0.000586948
418 0.000586946
419 0.000587243
420 0.000587243
421 0.000586948
422 0.000586946
423 0.000587243
424 0.000587243
425 0.000586948
426 0.000586946
427 0.000587243
428 0.000587243
429 0.000586948
430 0.000586947
431 0.000587243
432 0.000587243
433 0.000586947
434 0.000586945
435 0.000587243
436 0.000587243
437 0.000586947
438 0.000586945
439 0.000587243
440 0.000587243
441 0.000586947
442 0.000586945
443 0.000587243
444 0.000587243
445 0.000586947
446 0.000586945
447 0.000587243
448 0.000587243
449 0.00058691
450 0.000587243
451 0.000587243
452 0.000586948
453 0.000586947
454 0.000587243
455 0.000587243
456 0.000586948
457 0.000586947
458 0.000587243
459 0.000587243
460 0.000586948
461 0.000586947
462 0.000587243
463 0.000587243
464 0.000586948
465 0.000586947
466 0.000587243
467 0.000587243
468 0.000586948
469 0.000586947
470 0.000587243
471 0.000587243
472 0.000586947
473 0.000586945
474 0.000587244
475 0.000587243
476 0.000586947
477 0.000586945
478 0.000587244
479 0.000587243
480 0.000586947
481 0.000586945
482 0.000587244
483 0.000587243
484 0.000586947
485 0.000586945
486 0.000587244
487 0.000587243
488 0.00058691
489 0.000587243
490 0.000587243
491 0.000586948
492 0.000586947
493 0.000587243
494 0.000587243
495 0.000586948
496 0.000586947
497 0.000587243
498 0.000587243
499 0.000586948
500 0.000586947
501 0.000587243
502 0.000587243
503 0.000586948
504 0.000586947
505 0.000587243
506 0.000587243
507 0.000586948
508 0.000586947
509 0.000587243
510 0.000587243
511 0.000586947
512 0.000586946
513 0.000587244
514 0.000587243
515 0.000586932
516 0.000587065
517 0.000587139
518 0.000587077
519 0.000587077
520 0.000587106
521 0.000587077
522 0.000587077
523 0.000587077
524 0.000587077
525 0.000587077
526 0.000587077
527 0.000587106
528 0.000587077
529 0.000587077
530 0.000587077
531 0.000587077
532 0.000587077
533 0.000587077
534 0.000587106
535 0.000587077
536 0.000587077
537 0.000587077
538 0.000587077
539 0.000587077
540 0.000587077
541 0.000587077
542 0.000587077
543 0.000587106
544 0.000587077
545 0.000587077
546 0.000587077
547 0.000587077
548 0.000587077
549 0.000587077
550 0.000587106
551 0.000587077
552 0.000587077
553 0.000587077
554 0.000587077
555 0.000587077
556 0.000587077
557 0.000587077
558 0.000587077
559 0.000587106
560 0.000587077
561 0.000587077
562 0.000587077
563 0.000587077
564 0.000587077
565 0.000587077
566 0.000587106
567 0.000587077
568 0.000587077
569 0.000587077
570 0.000587077
571 0.000587077
572 0.000587077
573 0.000587106
574 0.000587077
575 0.000587077
576 0.000587077
577 0.000587077
578 0.000587077
579 0.000587077
580 0.000587077
581 0.000587077
582 0.000587106
583 0.000587077
584 0.000587077
585 0.000587077
586 0.000587077
587 0.000587077
588 0.000587077
589 0.000587106
590 0.000587077
591 0.000587077
592 0.000587077
593 0.000587077
594 0.000587077
595 0.000587077
596 0.000587077
597 0.000587077
598 0.000587106
599 0.000587077
600 0.000587077
601 0.000587077
602 0.000587077
603 0.000587077
604 0.000587077
605 0.000587106
606 0.000587077
607 0.000587077
608 0.000587077
609 0.000587077
610 0.000587077
611 0.000587077
612 0.000587106
613 0.000587077
614 0.000587077
615 0.000587077
616 0.000587077
617 0.000587077
618 0.000587077
619 0.000587077
620 0.000587077
621 0.000587106
622 0.000587077
623 0.000587077
624 0.000587077
625 0.000587077
626 0.000587077
627 0.000587077
628 0.000587106
629 0.000587077
630 0.000587077
631 0.000587083
632 0.00058707
633 0.000587083
634 0.000587079
635 0.000587079
636 0.000587082
637 0.000587079
638 0.000587079
639 0.000587079
640 0.000587079
641 0.000587082
642 0.00058708
643 0.000587079
644 0.00058708
645 0.000587079
646 0.00058708
647 0.000587082
648 0.000587079
649 0.000587079
650 0.000587079
651 0.000587079
652 0.000587082
653 0.000587079
654 0.000587079
655 0.000587083
656 0.00058707
657 0.000587083
658 0.000587077
659 0.000587077
660 0.000587106
661 0.000587077
662 0.000587077
663 0.000587077
664 0.000587077
665 0.000587077
666 0.000587077
667 0.000587106
668 0.000587077
669 0.000587077
670 0.000587077
671 0.000587077
672 0.000587077
673 0.000587077
674 0.000587077
675 0.000587077
676 0.000587106
677 0.000587077
678 0.000587077
679 0.000587077
680 0.000587077
681 0.000587077
682 0.000587077
683 0.000587106
684 0.000587077
685 0.000587077
686 0.000587077
687 0.000587077
688 0.000587077
689 0.000587077
690 0.000587106
691 0.000587077
692 0.000587077
693 0.000587077
694 0.000587077
695 0.000587077
696 0.000587077
697 0.000587077
698 0.000587077
699 0.000587106
700 0.000587077
701 0.000587077
702 0.000587077
703 0.000587077
704 0.000587077
705 0.000587077
706 0.000587106
707 0.000587077
708 0.000587077
709 0.000587077
710 0.000587077
711 0.000587077
712 0.000587077
713 0.000587077
714 0.000587077
715 0.000587106
716 0.000587077
717 0.000587077
718 0.000587077
719 0.000587077
720 0.000587077
721 0.000587077
722 0.000587106
723 0.000587077
724 0.000587077
725 0.000587077
726 0.000587077
727 0.000587077
728 0.000587077
729 0.000587106
730 0.000587077
731 0.000587077
732 0.000587077
733 0.000587077
734 0.000587077
735 0.000587077
736 0.000587077
737 0.000587077
738 0.000587106
739 0.000587077
740 0.000587077
741 0.000587077
742 0.000587077
743 0.000587076
744 0.000587077
745 0.000587106
746 0.000587077
747 0.000587077
748 0.000587077
749 0.000587077
750 0.000587076
751 0.000587077
752 0.000587076
753 0.000587077
754 0.000587106
755 0.000587077
756 0.000587077
757 0.000587077
758 0.000587077
759 0.000587076
760 0.000587077
761 0.000587106
762 0.000587077
763 0.000587077
764 0.000587077
765 0.000587077
766 0.000587076
767 0.000587077
768 0.000587106
769 0.000587077
770 0.000587077
771 0.00058714
772 0.000587066
773 0.000586932
774 0.000587243
775 0.000587243
776 0.000586948
777 0.000586947
778 0.000587243
779 0.000587243
780 0.000586947
781 0.000586945
782 0.000587243
783 0.000587243
784 0.000586947
785 0.000586945
786 0.000587243
787 0.000587243
788 0.000586947
789 0.000586945
790 0.000587243
791 0.000587243
792 0.000586947
793 0.000586945
794 0.000587243
795 0.000587243
796 0.000586947
797 0.000586945
798 0.000587243
799 0.000587243
800 0.00058691
801 0.000587243
802 0.000587243
803 0.000586948
804 0.000586947
805 0.000587243
806 0.000587243
807 0.000586948
808 0.000586947
809 0.000587243
810 0.000587243
811 0.000586948
812 0.000586947
813 0.000587243
814 0.000587243
815 0.000586948
816 0.000586946
817 0.000587243
818 0.000587243
819 0.000586948
820 0.000586946
821 0.000587243
822 0.000587243
823 0.000586947
824 0.000586945
825 0.000587243
826 0.000587243
827 0.000586947
828 0.000586945
829 0.000587243
830 0.000587243
831 0.000586947
832 0.000586945
833 0.000587243
834 0.000587243
835 0.000586947
836 0.000586945
837 0.000587243
838 0.000587243
839 0.00058691
840 0.000587243
841 0.000587243
842 0.000586948
843 0.000586946
844 0.000587243
845 0.000587243
846 0.000586948
847 0.000586946
848 0.000587243
849 0.000587243
850 0.000586948
851 0.000586946
852 0.000587243
853 0.000587243
854 0.000586948
855 0.000586946
856 0.000587243
857 0.000587243
858 0.000586948
859 0.000586946
860 0.000587243
861 0.000587243
862 0.000586947
863 0.000586945
864 0.000587243
865 0.000587243
866 0.000586947
867 0.000586945
868 0.000587243
869 0.000587243
870 0.000586947
871 0.000586945
872 0.000587243
873 0.000587243
874 0.000586947
875 0.000586945
876 0.000587243
877 0.000587243
878 0.00058691
879 0.000587243
880 0.000587243
881 0.000586948
882 0.000586946
883 0.000587243
884 0.000587243
885 0.000586948
886 0.000586946
887 0.000587243
888 0.000587243
889 0.000586948
890 0.000586946
891 0.000587243
892 0.000587243
893 0.000586948
894 0.000586946
895 0.000587243
896 0.000587243
897 0.000586948
898 0.000586946
899 0.000587243
900 0.000587243
901 0.000586946
902 0.000586945
903 0.000587243
904 0.000587243
905 0.000586946
906 0.000586945
907 0.000587243
908 0.000587243
909 0.000586946
910 0.000586945
911 0.000587243
912 0.000587243
913 0.000586946
914 0.000586945
915 0.000587243
916 0.000587243
917 0.00058691
918 0.000587243
919 0.000587243
920 0.000586947
921 0.000586946
922 0.000587243
923 0.000587243
924 0.000586947
925 0.000586946
926 0.000587243
927 0.000587243
928 0.000586947
929 0.000586946
930 0.000587243
931 0.000587243
932 0.000586947
933 0.000586946
934 0.000587243
935 0.000587243
936 0.000586946
937 0.000586945
938 0.000587243
939 0.000587243
940 0.000586946
941 0.000586945
942 0.000587243
943 0.000587243
944 0.000586946
945 0.000586945
946 0.000587243
947 0.000587243
948 0.000586946
949 0.000586945
950 0.000587243
951 0.000587243
952 0.000586946
953 0.000586945
954 0.000587243
955 0.000587243
956 0.000586909
957 0.000587243
958 0.000587243
959 0.000586947
960 0.000586946
961 0.000587243
962 0.000587242
963 0.000586947
964 0.000586946
965 0.000587243
966 0.000587242
967 0.000586947
968 0.000586946
969 0.000587243
970 0.000587242
971 0.000586947
972 0.000586946
973 0.000587243
974 0.000587242
975 0.000586947
976 0.000586946
977 0.000587243
978 0.000587242
979 0.000586946
980 0.000586945
981 0.000587243
982 0.000587242
983 0.000586946
984 0.000586945
985 0.000587243
986 0.000587242
987 0.000586946
988 0.000586945
989 0.000587243
990 0.000587242
991 0.000586946
992 0.000586945
993 0.000587243
994 0.000587242
995 0.000586909
996 0.000587243
997 0.000587242
998 0.000586947
999 0.000586946
1000 0.000587243
1001 0.000587242
1002 0.000586947
1003 0.000586946
1004 0.000587243
1005 0.000587242
1006 0.000586947
1007 0.000586946
1008 0.000587243
1009 0.000587242
1010 0.000586947
1011 0.000586946
1012 0.000587243
1013 0.000587242
1014 0.000586947
1015 0.000586946
1016 0.000587243
1017 0.000587242
1018 0.000586946
1019 0.000586945
1020 0.000587243
1021 0.000587242
1022 0.000586946
1023 0.000586945
1024 0.000587243
1025 0.000587242
1026 0.000586946
1027 0.000586944
1028 0.000587243
1029 0.000587242
1030 0.000586946
1031 0.000586944
1032 0.000587242
1033 0.000587242
1034 0.000586909
1035 0.000587242
1036 0.000587242
1037 0.000586947
1038 0.000586945
1039 0.000587242
1040 0.000587242
1041 0.000586947
1042 0.000586945
1043 0.000587242
1044 0.000587242
1045 0.000586947
1046 0.000586945
1047 0.000587242
1048 0.000587242
1049 0.000586947
1050 0.000586945
1051 0.000587242
1052 0.000587242
1053 0.000586947
1054 0.000586945
1055 0.000587242
1056 0.000587242
1057 0.000586945
1058 0.000586944
1059 0.000587242
1060 0.000587242
1061 0.000586945
1062 0.000586944
1063 0.000587242
1064 0.000587242
1065 0.000586945
1066 0.000586944
1067 0.000587242
1068 0.000587242
1069 0.000586945
1070 0.000586944
1071 0.000587242
1072 0.000587242
1073 0.000586908
1074 0.000587242
1075 0.000587242
1076 0.000586946
1077 0.000586945
1078 0.000587242
1079 0.000587241
1080 0.000586946
1081 0.000586945
1082 0.000587242
1083 0.000587241
1084 0.000586946
1085 0.000586945
1086 0.000587242
1087 0.000587241
1088 0.000586946
1089 0.000586945
1090 0.000587242
1091 0.000587241
1092 0.000586945
1093 0.000586944
1094 0.000587242
1095 0.000587241
1096 0.000586945
1097 0.000586944
1098 0.000587242
1099 0.000587241
1100 0.000586945
1101 0.000586944
1102 0.000587242
1103 0.000587241
1104 0.000586945
1105 0.000586943
1106 0.000587242
1107 0.000587241
1108 0.000586945
1109 0.000586943
1110 0.000587241
1111 0.000587241
1112 0.000586908
1113 0.000587241
1114 0.000587241
1115 0.000586946
1116 0.000586944
1117 0.000587241
1118 0.000587241
1119 0.000586946
1120 0.000586944
1121 0.000587241
1122 0.000587241
1123 0.000586945
1124 0.000586944
1125 0.000587241
1126 0.000587241
1127 0.000586945
1128 0.000586944
1129 0.000587241
1130 0.00058724
1131 0.000586945
1132 0.000586944
1133 0.000587241
1134 0.00058724
1135 0.000586944
1136 0.000586943
1137 0.000587241
1138 0.00058724
1139 0.000586944
1140 0.000586943
1141 0.000587241
1142 0.00058724
1143 0.000586944
1144 0.000586942
1145 0.00058724
1146 0.00058724
1147 0.000586944
1148 0.000586942
1149 0.00058724
1150 0.00058724
1151 0.000586907
1152 0.00058724
1153 0.00058724
1154 0.000586944
1155 0.000586943
1156 0.00058724
1157 0.00058724
1158 0.000586944
1159 0.000586943
1160 0.00058724
1161 0.000587239
1162 0.000586944
1163 0.000586943
1164 0.00058724
1165 0.000587239
1166 0.000586944
1167 0.000586943
1168 0.000587239
1169 0.000587239
1170 0.000586943
1171 0.000586941
1172 0.000587239
1173 0.000587239
1174 0.000586942
1175 0.000586941
1176 0.000587239
1177 0.000587239
1178 0.000586942
1179 0.000586941
1180 0.000587239
1181 0.000587238
1182 0.000586942
1183 0.000586941
1184 0.000587239
1185 0.000587238
1186 0.000586942
1187 0.00058694
1188 0.000587238
1189 0.000587238
1190 0.000586904
1191 0.000587238
1192 0.000587237
1193 0.000586942
1194 0.000586941
1195 0.000587238
1196 0.000587237
1197 0.000586942
1198 0.00058694
1199 0.000587237
1200 0.000587237
1201 0.000586941
1202 0.00058694
1203 0.000587237
1204 0.000587236
1205 0.000586941
1206 0.000586939
1207 0.000587236
1208 0.000587236
1209 0.00058694
1210 0.000586939
1211 0.000587236
1212 0.000587235
1213 0.000586938
1214 0.000586937
1215 0.000587235
1216 0.000587234
1217 0.000586938
1218 0.000586936
1219 0.000587234
1220 0.000587233
1221 0.000586937
1222 0.000586935
1223 0.000587233
1224 0.000587232
1225 0.000586936
1226 0.000586934
1227 0.000587232
1228 0.000587231
1229 0.000586898
1230 0.000587231
1231 0.00058723
1232 0.000586935
1233 0.000586933
1234 0.000587229
1235 0.000587228
1236 0.000586933
1237 0.000586931
1238 0.000587227
1239 0.000587226
1240 0.000586931
1241 0.000586929
1242 0.000587225
1243 0.000587224
1244 0.000586928
1245 0.000586925
1246 0.000587221
1247 0.00058722
1248 0.000586923
1249 0.00058692
1250 0.000587217
1251 0.000587215
1252 0.000586917
1253 0.000586913
1254 0.000587209
1255 0.000587207
1256 0.000586907
1257 0.000586903
1258 0.000587197
1259 0.000587192
1260 0.000586891
1261 0.000586883
1262 0.000587173
1263 0.000587161
1264 0.00058685
1265 0.000586827
1266 0.000587089
1267 0.000590626
1268 0.000596023
1269 0.000600214
1270 0.000601032
1271 0.00060158
1272 0.000602405
1273 0.000603202
1274 0.000604001
1275 0.000604654
1276 0.000604886
1277 0.000605572
1278 0.000606082
1279 0.000606114
1280 0.000606586
1281 0.000606961
1282 0.00060714
1283 0.000607375
1284 0.000607526
1285 0.000607654
1286 0.000607752
1287 0.000607829
1288 0.00060784
1289 0.000607789
1290 0.000607704
1291 0.000607643
1292 0.000607402
1293 0.000607258
1294 0.000606994
1295 0.00060664
1296 0.000606591
1297 0.000606098
1298 0.000605656
1299 0.000605381
1300 0.000604711
1301 0.00060421
1302 0.000604038
1303 0.000603504
1304 0.00060268
1305 0.000602222
1306 0.000601744
1307 0.000597887
1308 0.000590501
1309 0.000586966
1310 0.000587088
1311 0.000586826
1312 0.000586849
1313 0.00058716
1314 0.000587172
1315 0.000586882
1316 0.00058689
1317 0.000587192
1318 0.000587197
1319 0.000586902
1320 0.000586907
1321 0.000587206
1322 0.000587209
1323 0.000586913
1324 0.000586917
1325 0.000587215
1326 0.000587217
1327 0.00058692
1328 0.000586922
1329 0.00058722
1330 0.000587221
1331 0.000586925
1332 0.000586928
1333 0.000587224
1334 0.000587225
1335 0.000586929
1336 0.000586931
1337 0.000587226
1338 0.000587227
1339 0.000586931
1340 0.000586933
1341 0.000587229
1342 0.000587229
1343 0.000586933
1344 0.000586935
1345 0.00058723
1346 0.000587231
1347 0.000586898
1348 0.000587231
1349 0.000587232
1350 0.000586934
1351 0.000586936
1352 0.000587232
1353 0.000587233
1354 0.000586935
1355 0.000586937
1356 0.000587233
1357 0.000587234
1358 0.000586936
1359 0.000586938
1360 0.000587234
1361 0.000587235
1362 0.000586937
1363 0.000586938
1364 0.000587235
1365 0.000587236
1366 0.000586939
1367 0.00058694
1368 0.000587236
1369 0.000587236
1370 0.000586939
1371 0.000586941
1372 0.000587236
1373 0.000587237
1374 0.00058694
1375 0.000586941
1376 0.000587237
1377 0.000587237
1378 0.00058694
1379 0.000586942
1380 0.000587237
1381 0.000587238
1382 0.000586941
1383 0.000586942
1384 0.000587237
1385 0.000587238
1386 0.000586904
1387 0.000587238
1388 0.000587238
1389 0.00058694
1390 0.000586942
1391 0.000587238
1392 0.000587239
1393 0.000586941
1394 0.000586942
1395 0.000587238
1396 0.000587239
1397 0.000586941
1398 0.000586942
1399 0.000587239
1400 0.000587239
1401 0.000586941
1402 0.000586942
1403 0.000587239
1404 0.000587239
1405 0.000586941
1406 0.000586943
1407 0.000587239
1408 0.000587239
1409 0.000586943
1410 0.000586944
1411 0.000587239
1412 0.00058724
1413 0.000586943
1414 0.000586944
1415 0.000587239
1416 0.00058724
1417 0.000586943
1418 0.000586944
1419 0.00058724
1420 0.00058724
1421 0.000586943
1422 0.000586944
1423 0.00058724
1424 0.00058724
1425 0.000586907
1426 0.00058724
1427 0.00058724
1428 0.000586942
1429 0.000586944
1430 0.00058724
1431 0.000587241
1432 0.000586942
1433 0.000586944
1434 0.00058724
1435 0.000587241
1436 0.000586943
1437 0.000586944
1438 0.00058724
1439 0.000587241
1440 0.000586943
1441 0.000586944
1442 0.00058724
1443 0.000587241
1444 0.000586944
1445 0.000586945
1446 0.00058724
1447 0.000587241
1448 0.000586944
1449 0.000586945
1450 0.000587241
1451 0.000587241
1452 0.000586944
1453 0.000586945
1454 0.000587241
1455 0.000587241
1456 0.000586944
1457 0.000586946
1458 0.000587241
1459 0.000587241
1460 0.000586944
1461 0.000586946
1462 0.000587241
1463 0.000587241
1464 0.000586908
1465 0.000587241
1466 0.000587241
1467 0.000586943
1468 0.000586945
1469 0.000587241
1470 0.000587242
1471 0.000586943
1472 0.000586945
1473 0.000587241
1474 0.000587242
1475 0.000586944
1476 0.000586945
1477 0.000587241
1478 0.000587242
1479 0.000586944
1480 0.000586945
1481 0.000587241
1482 0.000587242
1483 0.000586944
1484 0.000586945
1485 0.000587241
1486 0.000587242
1487 0.000586945
1488 0.000586946
1489 0.000587241
1490 0.000587242
1491 0.000586945
1492 0.000586946
1493 0.000587241
1494 0.000587242
1495 0.000586945
1496 0.000586946
1497 0.000587241
1498 0.000587242
1499 0.000586945
1500 0.000586946
1501 0.000587242
1502 0.000587242
1503 0.000586908
1504 0.000587242
1505 0.000587242
1506 0.000586944
1507 0.000586945
1508 0.000587242
1509 0.000587242
1510 0.000586944
1511 0.000586945
1512 0.000587242
1513 0.000587242
1514 0.000586944
1515 0.000586945
1516 0.000587242
1517 0.000587242
1518 0.000586944
1519 0.000586945
1520 0.000587242
1521 0.000587242
1522 0.000586945
1523 0.000586947
1524 0.000587242
1525 0.000587242
1526 0.000586945
1527 0.000586947
1528 0.000587242
1529 0.000587242
1530 0.000586945
1531 0.000586947
1532 0.000587242
1533 0.000587242
1534 0.000586945
1535 0.000586947
1536 0.000587242
1537 0.000587242
1538 0.000586945
1539 0.000586947
1540 0.000587242
1541 0.000587242
1542 0.000586909
1543 0.000587242
1544 0.000587243
1545 0.000586944
1546 0.000586946
1547 0.000587242
1548 0.000587243
1549 0.000586944
1550 0.000586946
1551 0.000587242
1552 0.000587243
1553 0.000586945
1554 0.000586946
1555 0.000587242
1556 0.000587243
1557 0.000586945
1558 0.000586946
1559 0.000587242
1560 0.000587243
1561 0.000586946
1562 0.000586947
1563 0.000587242
1564 0.000587243
1565 0.000586946
1566 0.000586947
1567 0.000587242
1568 0.000587243
1569 0.000586946
1570 0.000586947
1571 0.000587242
1572 0.000587243
1573 0.000586946
1574 0.000586947
1575 0.000587242
1576 0.000587243
1577 0.000586946
1578 0.000586947
1579 0.000587242
1580 0.000587243
1581 0.000586909
1582 0.000587242
1583 0.000587243
1584 0.000586945
1585 0.000586946
1586 0.000587242
1587 0.000587243
1588 0.000586945
1589 0.000586946
1590 0.000587242
1591 0.000587243
1592 0.000586945
1593 0.000586946
1594 0.000587242
1595 0.000587243
1596 0.000586945
1597 0.000586946
1598 0.000587242
1599 0.000587243
1600 0.000586946
1601 0.000586947
1602 0.000587242
1603 0.000587243
1604 0.000586946
1605 0.000586947
1606 0.000587242
1607 0.000587243
1608 0.000586946
1609 0.000586947
1610 0.000587242
1611 0.000587243
1612 0.000586946
1613 0.000586947
1614 0.000587242
1615 0.000587243
1616 0.000586946
1617 0.000586947
1618 0.000587243
1619 0.000587243
1620 0.000586909
1621 0.000587243
1622 0.000587243
1623 0.000586945
1624 0.000586946
1625 0.000587243
1626 0.000587243
1627 0.000586945
1628 0.000586946
1629 0.000587243
1630 0.000587243
1631 0.000586945
1632 0.000586946
1633 0.000587243
1634 0.000587243
1635 0.000586945
1636 0.000586946
1637 0.000587243
1638 0.000587243
1639 0.000586945
1640 0.000586946
1641 0.000587243
1642 0.000587243
1643 0.000586946
1644 0.000586947
1645 0.000587243
1646 0.000587243
1647 0.000586946
1648 0.000586947
1649 0.000587243
1650 0.000587243
1651 0.000586946
1652 0.000586947
1653 0.000587243
1654 0.000587243
1655 0.000586946
1656 0.000586947
1657 0.000587243
1658 0.000587243
1659 0.00058691
1660 0.000587243
1661 0.000587243
1662 0.000586945
1663 0.000586946
1664 0.000587243
1665 0.000587243
1666 0.000586945
1667 0.000586946
1668 0.000587243
1669 0.000587243
1670 0.000586945
1671 0.000586946
1672 0.000587243
1673 0.000587243
1674 0.000586945
1675 0.000586946
1676 0.000587243
1677 0.000587243
1678 0.000586946
1679 0.000586948
1680 0.000587243
1681 0.000587243
1682 0.000586946
1683 0.000586948
1684 0.000587243
1685 0.000587243
1686 0.000586946
1687 0.000586948
1688 0.000587243
1689 0.000587243
1690 0.000586946
1691 0.000586948
1692 0.000587243
1693 0.000587243
1694 0.000586946
1695 0.000586948
1696 0.000587243
1697 0.000587243
1698 0.00058691
1699 0.000587243
1700 0.000587243
1701 0.000586945
1702 0.000586947
1703 0.000587243
1704 0.000587243
1705 0.000586945
1706 0.000586947
1707 0.000587243
1708 0.000587243
1709 0.000586945
1710 0.000586947
1711 0.000587243
1712 0.000587243
1713 0.000586945
1714 0.000586947
1715 0.000587243
1716 0.000587243
1717 0.000586946
1718 0.000586948
1719 0.000587243
1720 0.000587243
1721 0.000586946
1722 0.000586948
1723 0.000587243
1724 0.000587243
1725 0.000586946
1726 0.000586948
1727 0.000587243
1728 0.000587243
1729 0.000586946
1730 0.000586948
1731 0.000587243
1732 0.000587243
1733 0.000586946
1734 0.000586948
1735 0.000587243
1736 0.000587243
1737 0.00058691
1738 0.000587243
1739 0.000587243
1740 0.000586945
1741 0.000586947
1742 0.000587243
1743 0.000587243
1744 0.000586945
1745 0.000586947
1746 0.000587243
1747 0.000587243
1748 0.000586945
1749 0.000586947
1750 0.000587243
1751 0.000587243
1752 0.000586945
1753 0.000586947
1754 0.000587243
1755 0.000587243
1756 0.000586946
1757 0.000586948
1758 0.000587243
1759 0.000587243
1760 0.000586946
1761 0.000586948
1762 0.000587243
1763 0.000587243
1764 0.000586947
1765 0.000586948
1766 0.000587243
1767 0.000587243
1768 0.000586947
1769 0.000586948
1770 0.000587243
1771 0.000587243
1772 0.000586947
1773 0.000586948
1774 0.000587243
1775 0.000587243
1776 0.00058691
1777 0.000587243
1778 0.000587243
1779 0.000586945
1780 0.000586947
1781 0.000587243
1782 0.000587243
1783 0.000586945
1784 0.000586947
1785 0.000587243
1786 0.000587243
1787 0.000586945
1788 0.000586947
1789 0.000587243
1790 0.000587243
1791 0.000586945
1792 0.000586947
1793 0.000587243
1794 0.000587244
1795 0.000586945
1796 0.000586947
1797 0.000587243
1798 0.000587243
1799 0.000586947
1800 0.000586948
1801 0.000587243
1802 0.000587243
1803 0.000586932
1804 0.000587066
1805 0.00058714
1806 0.000587077
1807 0.000587077
1808 0.000587106
1809 0.000587077
1810 0.000587076
1811 0.000587077
1812 0.000587077
1813 0.000587077
1814 0.000587077
1815 0.000587106
1816 0.000587077
1817 0.000587076
1818 0.000587077
1819 0.000587077
1820 0.000587077
1821 0.000587077
1822 0.000587106
1823 0.000587077
1824 0.000587076
1825 0.000587077
1826 0.000587076
1827 0.000587077
1828 0.000587077
1829 0.000587077
1830 0.000587077
1831 0.000587106
1832 0.000587077
1833 0.000587076
1834 0.000587077
1835 0.000587077
1836 0.000587077
1837 0.000587077
1838 0.000587106
1839 0.000587077
1840 0.000587077
1841 0.000587077
1842 0.000587077
1843 0.000587077
1844 0.000587077
1845 0.000587077
1846 0.000587077
1847 0.000587106
1848 0.000587077
1849 0.000587077
1850 0.000587077
1851 0.000587077
1852 0.000587077
1853 0.000587077
1854 0.000587106
1855 0.000587077
1856 0.000587077
1857 0.000587077
1858 0.000587077
1859 0.000587077
1860 0.000587077
1861 0.000587106
1862 0.000587077
1863 0.000587077
1864 0.000587077
1865 0.000587077
1866 0.000587077
1867 0.000587077
1868 0.000587077
1869 0.000587077
1870 0.000587106
1871 0.000587077
1872 0.000587077
1873 0.000587077
1874 0.000587077
1875 0.000587077
1876 0.000587077
1877 0.000587106
1878 0.000587077
1879 0.000587077
1880 0.000587077
1881 0.000587077
1882 0.000587077
1883 0.000587077
1884 0.000587077
1885 0.000587077
1886 0.000587106
1887 0.000587077
1888 0.000587077
1889 0.000587077
1890 0.000587077
1891 0.000587077
1892 0.000587077
1893 0.000587106
1894 0.000587077
1895 0.000587077
1896 0.000587077
1897 0.000587077
1898 0.000587077
1899 0.000587077
1900 0.000587106
1901 0.000587077
1902 0.000587077
1903 0.000587077
1904 0.000587077
1905 0.000587077
1906 0.000587077
1907 0.000587077
1908 0.000587077
1909 0.000587106
1910 0.000587077
1911 0.000587077
1912 0.000587077
1913 0.000587077
1914 0.000587077
1915 0.000587077
1916 0.000587106
1917 0.000587077
1918 0.000587077
1919 0.000587083
1920 0.00058707
1921 0.000587083
1922 0.000587079
1923 0.000587079
1924 0.000587082
1925 0.000587079
1926 0.000587079
1927 0.000587079
1928 0.000587079
1929 0.000587082
1930 0.00058708
1931 0.000587079
1932 0.00058708
1933 0.000587079
1934 0.00058708
1935 0.000587082
1936 0.000587079
1937 0.000587079
1938 0.000587079
1939 0.000587079
1940 0.000587082
1941 0.000587079
1942 0.000587079
1943 0.000587083
1944 0.00058707
1945 0.000587083
1946 0.000587077
1947 0.000587077
1948 0.000587106
1949 0.000587077
1950 0.000587077
1951 0.000587077
1952 0.000587077
1953 0.000587077
1954 0.000587077
1955 0.000587106
1956 0.000587077
1957 0.000587077
1958 0.000587077
1959 0.000587077
1960 0.000587077
1961 0.000587077
1962 0.000587077
1963 0.000587077
1964 0.000587106
1965 0.000587077
1966 0.000587077
1967 0.000587077
1968 0.000587077
1969 0.000587077
1970 0.000587077
1971 0.000587106
1972 0.000587077
1973 0.000587077
1974 0.000587077
1975 0.000587077
1976 0.000587077
1977 0.000587077
1978 0.000587106
1979 0.000587077
1980 0.000587077
1981 0.000587077
1982 0.000587077
1983 0.000587077
1984 0.000587077
1985 0.000587077
1986 0.000587077
1987 0.000587106
1988 0.000587077
1989 0.000587077
1990 0.000587077
1991 0.000587077
1992 0.000587077
1993 0.000587077
1994 0.000587106
1995 0.000587077
1996 0.000587077
1997 0.000587077
1998 0.000587077
1999 0.000587077
2000 0.000587077
2001 0.000587077
2002 0.000587077
2003 0.000587106
2004 0.000587077
2005 0.000587077
2006 0.000587077
2007 0.000587077
2008 0.000587077
2009 0.000587077
2010 0.000587106
2011 0.000587077
2012 0.000587077
2013 0.000587077
2014 0.000587077
2015 0.000587077
2016 0.000587077
2017 0.000587106
2018 0.000587077
2019 0.000587077
2020 0.000587077
2021 0.000587077
2022 0.000587077
2023 0.000587077
2024 0.000587077
2025 0.000587077
2026 0.000587106
2027 0.000587077
2028 0.000587077
2029 0.000587077
2030 0.000587077
2031 0.000587077
2032 0.000587077
2033 0.000587106
2034 0.000587077
2035 0.000587077
2036 0.000587077
2037 0.000587077
2038 0.000587077
2039 0.000587077
2040 0.000587077
2041 0.000587077
2042 0.000587106
2043 0.000587077
2044 0.000587077
2045 0.000587077
2046 0.000587077
2047 0.000587077
2048 0.000587077
2049 0.000587106
2050 0.000587077
2051 0.000587077
2052 0.000587077
2053 0.000587077
2054 0.000587077
2055 0.000587077
2056 0.000587106
2057 0.000587077
2058 0.000587077
2059 0.000587139
2060 0.000587065
2061 0.000586932
2062 0.000587243
2063 0.000587244
2064 0.000586946
2065 0.000586947
2066 0.000587243
2067 0.000587243
2068 0.000586947
2069 0.000586948
2070 0.000587243
2071 0.000587243
2072 0.000586947
2073 0.000586948
2074 0.000587243
2075 0.000587243
2076 0.000586947
2077 0.000586948
2078 0.000587243
2079 0.000587243
2080 0.000586947
2081 0.000586948
2082 0.000587243
2083 0.000587243
2084 0.000586947
2085 0.000586948
2086 0.000587243
2087 0.000587243
2088 0.00058691
2089 0.000587243
2090 0.000587244
2091 0.000586945
2092 0.000586947
2093 0.000587243
2094 0.000587244
2095 0.000586945
2096 0.000586947
2097 0.000587243
2098 0.000587244
2099 0.000586945
2100 0.000586947
2101 0.000587243
2102 0.000587244
2103 0.000586945
2104 0.000586947
2105 0.000587243
2106 0.000587243
2107 0.000586947
2108 0.000586948
2109 0.000587243
2110 0.000587243
2111 0.000586947
2112 0.000586948
2113 0.000587243
2114 0.000587243
2115 0.000586947
2116 0.000586948
2117 0.000587243
2118 0.000587243
2119 0.000586947
2120 0.000586948
2121 0.000587243
2122 0.000587243
2123 0.000586947
2124 0.000586948
2125 0.000587243
2126 0.000587243
2127 0.00058691
2128 0.000587243
2129 0.000587243
2130 0.000586945
2131 0.000586947
2132 0.000587243
2133 0.000587243
2134 0.000586945
2135 0.000586947
2136 0.000587243
2137 0.000587243
2138 0.000586945
2139 0.000586947
2140 0.000587243
2141 0.000587243
2142 0.000586945
2143 0.000586947
2144 0.000587243
2145 0.000587243
2146 0.000586947
2147 0.000586948
2148 0.000587243
2149 0.000587243
2150 0.000586946
2151 0.000586948
2152 0.000587243
2153 0.000587243
2154 0.000586946
2155 0.000586948
2156 0.000587243
2157 0.000587243
2158 0.000586946
2159 0.000586948
2160 0.000587243
2161 0.000587243
2162 0.000586946
2163 0.000586948
2164 0.000587243
2165 0.000587243
2166 0.00058691
2167 0.000587243
2168 0.000587243
2169 0.000586945
2170 0.000586947
2171 0.000587243
2172 0.000587243
2173 0.000586945
2174 0.000586947
2175 0.000587243
2176 0.000587243
2177 0.000586945
2178 0.000586947
2179 0.000587243
2180 0.000587243
2181 0.000586945
2182 0.000586947
2183 0.000587243
2184 0.000587243
2185 0.000586946
2186 0.000586948
2187 0.000587243
2188 0.000587243
2189 0.000586946
2190 0.000586948
2191 0.000587243
2192 0.000587243
2193 0.000586946
2194 0.000586948
2195 0.000587243
2196 0.000587243
2197 0.000586946
2198 0.000586948
2199 0.000587243
2200 0.000587243
2201 0.000586946
2202 0.000586948
2203 0.000587243
2204 0.000587243
2205 0.00058691
2206 0.000587243
2207 0.000587243
2208 0.000586945
2209 0.000586947
2210 0.000587243
2211 0.000587243
2212 0.000586945
2213 0.000586947
2214 0.000587243
2215 0.000587243
2216 0.000586945
2217 0.000586947
2218 0.000587243
2219 0.000587243
2220 0.000586945
2221 0.000586946
2222 0.000587243
2223 0.000587243
2224 0.000586946
2225 0.000586948
2226 0.000587243
2227 0.000587243
2228 0.000586946
2229 0.000586948
2230 0.000587243
2231 0.000587243
2232 0.000586946
2233 0.000586948
2234 0.000587243
2235 0.000587243
2236 0.000586946
2237 0.000586948
2238 0.000587243
2239 0.000587243
2240 0.000586946
2241 0.000586948
2242 0.000587243
2243 0.000587243
2244 0.00058691
2245 0.000587243
2246 0.000587243
2247 0.000586945
2248 0.000586946
2249 0.000587243
2250 0.000587243
2251 0.000586945
2252 0.000586946
2253 0.000587243
2254 0.000587243
2255 0.000586945
2256 0.000586946
2257 0.000587243
2258 0.000587243
2259 0.000586945
2260 0.000586946
2261 0.000587243
2262 0.000587243
2263 0.000586945
2264 0.000586946
2265 0.000587243
2266 0.000587243
2267 0.000586946
2268 0.000586947
2269 0.000587243
2270 0.000587243
2271 0.000586946
2272 0.000586947
2273 0.000587243
2274 0.000587243
2275 0.000586946
2276 0.000586947
2277 0.000587243
2278 0.000587243
2279 0.000586946
2280 0.000586947
2281 0.000587243
2282 0.000587243
2283 0.000586909
2284 0.000587243
2285 0.000587243
2286 0.000586945
2287 0.000586946
2288 0.000587243
2289 0.000587243
2290 0.000586945
2291 0.000586946
2292 0.000587243
2293 0.000587243
2294 0.000586945
2295 0.000586946
2296 0.000587243
2297 0.000587243
2298 0.000586945
2299 0.000586946
2300 0.000587243
2301 0.000587243
2302 0.000586945
2303 0.000586946
2304 0.000587243
2305 0.000587243
2306 0.000586946
2307 0.000586947
2308 0.000587242
2309 0.000587243
2310 0.000586946
2311 0.000586947
2312 0.000587242
2313 0.000587243
2314 0.000586946
2315 0.000586947
2316 0.000587242
2317 0.000587243
2318 0.000586946
2319 0.000586947
2320 0.000587242
2321 0.000587243
2322 0.000586909
2323 0.000587242
2324 0.000587243
2325 0.000586945
2326 0.000586946
2327 0.000587242
2328 0.000587243
2329 0.000586945
2330 0.000586946
2331 0.000587242
2332 0.000587243
2333 0.000586945
2334 0.000586946
2335 0.000587242
2336 0.000587243
2337 0.000586945
2338 0.000586946
2339 0.000587242
2340 0.000587243
2341 0.000586946
2342 0.000586947
2343 0.000587242
2344 0.000587243
2345 0.000586946
2346 0.000586947
2347 0.000587242
2348 0.000587243
2349 0.000586946
2350 0.000586947
2351 0.000587242
2352 0.000587243
2353 0.000586946
2354 0.000586947
2355 0.000587242
2356 0.000587243
2357 0.000586946
2358 0.000586947
2359 0.000587242
2360 0.000587243
2361 0.000586909
2362 0.000587242
2363 0.000587243
2364 0.000586944
2365 0.000586946
2366 0.000587242
2367 0.000587243
2368 0.000586944
2369 0.000586946
2370 0.000587242
2371 0.000587242
2372 0.000586944
2373 0.000586946
2374 0.000587242
2375 0.000587242
2376 0.000586944
2377 0.000586946
2378 0.000587242
2379 0.000587242
2380 0.000586945
2381 0.000586947
2382 0.000587242
2383 0.000587242
2384 0.000586945
2385 0.000586947
2386 0.000587242
2387 0.000587242
2388 0.000586945
2389 0.000586947
2390 0.000587242
2391 0.000587242
2392 0.000586945
2393 0.000586947
2394 0.000587242
2395 0.000587242
2396 0.000586945
2397 0.000586947
2398 0.000587242
2399 0.000587242
2400 0.000586909
2401 0.000587242
2402 0.000587242
2403 0.000586944
2404 0.000586945
2405 0.000587242
2406 0.000587242
2407 0.000586944
2408 0.000586945
2409 0.000587242
2410 0.000587242
2411 0.000586944
2412 0.000586945
2413 0.000587242
2414 0.000587242
2415 0.000586944
2416 0.000586945
2417 0.000587241
2418 0.000587242
2419 0.000586944
2420 0.000586945
2421 0.000587241
2422 0.000587242
2423 0.000586945
2424 0.000586946
2425 0.000587241
2426 0.000587242
2427 0.000586945
2428 0.000586946
2429 0.000587241
2430 0.000587242
2431 0.000586945
2432 0.000586946
2433 0.000587241
2434 0.000587242
2435 0.000586945
2436 0.000586946
2437 0.000587241
2438 0.000587242
2439 0.000586908
2440 0.000587241
2441 0.000587242
2442 0.000586943
2443 0.000586945
2444 0.000587241
2445 0.000587241
2446 0.000586943
2447 0.000586945
2448 0.000587241
2449 0.000587241
2450 0.000586943
2451 0.000586945
2452 0.000587241
2453 0.000587241
2454 0.000586943
2455 0.000586944
2456 0.000587241
2457 0.000587241
2458 0.000586944
2459 0.000586946
2460 0.000587241
2461 0.000587241
2462 0.000586944
2463 0.000586945
2464 0.000587241
2465 0.000587241
2466 0.000586944
2467 0.000586945
2468 0.00058724
2469 0.000587241
2470 0.000586944
2471 0.000586945
2472 0.00058724
2473 0.000587241
2474 0.000586944
2475 0.000586945
2476 0.00058724
2477 0.000587241
2478 0.000586907
2479 0.00058724
2480 0.000587241
2481 0.000586943
2482 0.000586944
2483 0.00058724
2484 0.000587241
2485 0.000586942
2486 0.000586944
2487 0.00058724
2488 0.00058724
2489 0.000586942
2490 0.000586944
2491 0.00058724
2492 0.00058724
2493 0.000586942
2494 0.000586943
2495 0.00058724
2496 0.00058724
2497 0.000586943
2498 0.000586944
2499 0.00058724
2500 0.00058724
2501 0.000586943
2502 0.000586944
2503 0.000587239
2504 0.00058724
2505 0.000586943
2506 0.000586944
2507 0.000587239
2508 0.00058724
2509 0.000586943
2510 0.000586944
2511 0.000587239
2512 0.00058724
2513 0.000586943
2514 0.000586944
2515 0.000587239
2516 0.00058724
2517 0.000586906
2518 0.000587239
2519 0.00058724
2520 0.000586941
2521 0.000586943
2522 0.000587239
2523 0.00058724
2524 0.000586941
2525 0.000586943
2526 0.000587239
2527 0.00058724
2528 0.000586942
2529 0.000586943
2530 0.000587239
2531 0.00058724
2532 0.000586942
2533 0.000586944
2534 0.00058724
2535 0.000587241
2536 0.000586944
2537 0.000586946
2538 0.000587241
2539 0.000587242
2540 0.000586946
2541 0.000586948
2542 0.000587244
2543 0.000587245
2544 0.000586949
2545 0.000586952
2546 0.000587249
2547 0.000587251
2548 0.000586957
2549 0.000586962
2550 0.000587262
2551 0.00058727
2552 0.000586983
2553 0.000587
2554 0.000587324
2555 0.000590623
2556 0.000596901
2557 0.000600534
2558 0.000599965
2559 0.000599193
2560 0.000598577
2561 0.000598076
2562 0.000597588
2563 0.000597081
2564 0.000596387
2565 0.000596206
2566 0.000595912
2567 0.000595189
2568 0.000594986
2569 0.000594759
2570 0.000594407
2571 0.000594196
2572 0.00059398
2573 0.000593828
2574 0.000593731
2575 0.000593702
2576 0.00058438
2577 0.000584396
2578 0.000584465
2579 0.000584641
2580 0.000584716
2581 0.000584973
2582 0.000585183
2583 0.000585383
2584 0.00058596
2585 0.000586157
2586 0.000586472
2587 0.000587006
2588 0.000587198
2589 0.000587616
2590 0.000588409
2591 0.000588874
2592 0.000589082
2593 0.000589674
2594 0.000590244
2595 0.000589936
2596 0.000588156
2597 0.000587149
2598 0.000587194
2599 0.000586906
2600 0.000586909
2601 0.00058721
2602 0.000587212
2603 0.00058692
2604 0.00058692
2605 0.000587219
2606 0.00058722
2607 0.000586926
2608 0.000586926
2609 0.000587224
2610 0.000587224
2611 0.00058693
2612 0.00058693
2613 0.000587227
2614 0.000587227
2615 0.000586933
2616 0.000586932
2617 0.000587229
2618 0.00058723
2619 0.000586934
2620 0.000586933
2621 0.000587231
2622 0.000587231
2623 0.000586935
2624 0.000586934
2625 0.000587233
2626 0.000587232
2627 0.000586936
2628 0.000586935
2629 0.000587234
2630 0.000587234
2631 0.000586937
2632 0.000586936
2633 0.000587235
2634 0.000587234
2635 0.000586901
2636 0.000587235
2637 0.000587235
2638 0.00058694
2639 0.000586939
2640 0.000587236
2641 0.000587236
2642 0.000586941
2643 0.000586939
2644 0.000587236
2645 0.000587236
2646 0.000586941
2647 0.00058694
2648 0.000587237
2649 0.000587237
2650 0.000586942
2651 0.00058694
2652 0.000587237
2653 0.000587237
2654 0.000586942
2655 0.000586941
2656 0.000587238
2657 0.000587238
2658 0.000586941
2659 0.00058694
2660 0.000587238
2661 0.000587238
2662 0.000586942
2663 0.00058694
2664 0.000587239
2665 0.000587238
2666 0.000586942
2667 0.000586941
2668 0.000587239
2669 0.000587238
2670 0.000586942
2671 0.000586941
2672 0.000587239
2673 0.000587239
2674 0.000586906
2675 0.000587239
2676 0.000587239
2677 0.000586944
2678 0.000586943
2679 0.000587239
2680 0.000587239
2681 0.000586944
2682 0.000586943
2683 0.00058724
2684 0.000587239
2685 0.000586944
2686 0.000586943
2687 0.00058724
2688 0.000587239
2689 0.000586944
2690 0.000586943
2691 0.00058724
2692 0.00058724
2693 0.000586945
2694 0.000586943
2695 0.00058724
2696 0.00058724
2697 0.000586944
2698 0.000586942
2699 0.00058724
2700 0.00058724
2701 0.000586944
2702 0.000586942
2703 0.000587241
2704 0.00058724
2705 0.000586944
2706 0.000586943
2707 0.000587241
2708 0.00058724
2709 0.000586944
2710 0.000586943
2711 0.000587241
2712 0.00058724
2713 0.000586907
2714 0.000587241
2715 0.00058724
2716 0.000586945
2717 0.000586944
2718 0.000587241
2719 0.000587241
2720 0.000586945
2721 0.000586944
2722 0.000587241
2723 0.000587241
2724 0.000586945
2725 0.000586944
2726 0.000587241
2727 0.000587241
2728 0.000586946
2729 0.000586944
2730 0.000587241
2731 0.000587241
2732 0.000586945
2733 0.000586943
2734 0.000587241
2735 0.000587241
2736 0.000586945
2737 0.000586943
2738 0.000587241
2739 0.000587241
2740 0.000586945
2741 0.000586943
2742 0.000587242
2743 0.000587241
2744 0.000586945
2745 0.000586944
2746 0.000587242
2747 0.000587241
2748 0.000586945
2749 0.000586944
2750 0.000587242
2751 0.000587241
2752 0.000586908
2753 0.000587242
2754 0.000587241
2755 0.000586946
2756 0.000586945
2757 0.000587242
2758 0.000587241
2759 0.000586946
2760 0.000586945
2761 0.000587242
2762 0.000587241
2763 0.000586946
2764 0.000586945
2765 0.000587242
2766 0.000587241
2767 0.000586946
2768 0.000586945
2769 0.000587242
2770 0.000587242
2771 0.000586946
2772 0.000586945
2773 0.000587242
2774 0.000587242
2775 0.000586945
2776 0.000586944
2777 0.000587242
2778 0.000587242
2779 0.000586945
2780 0.000586944
2781 0.000587242
2782 0.000587242
2783 0.000586945
2784 0.000586944
2785 0.000587242
2786 0.000587242
2787 0.000586945
2788 0.000586944
2789 0.000587242
2790 0.000587242
2791 0.000586909
2792 0.000587242
2793 0.000587242
2794 0.000586947
2795 0.000586945
2796 0.000587242
2797 0.000587242
2798 0.000586947
2799 0.000586945
2800 0.000587242
2801 0.000587242
2802 0.000586947
2803 0.000586945
2804 0.000587242
2805 0.000587242
2806 0.000586947
2807 0.000586945
2808 0.000587242
2809 0.000587242
2810 0.000586947
2811 0.000586946
2812 0.000587242
2813 0.000587242
2814 0.000586946
2815 0.000586944
2816 0.000587243
2817 0.000587242
2818 0.000586946
2819 0.000586944
2820 0.000587243
2821 0.000587242
2822 0.000586946
2823 0.000586945
2824 0.000587243
2825 0.000587242
2826 0.000586946
2827 0.000586945
2828 0.000587243
2829 0.000587242
2830 0.000586909
2831 0.000587243
2832 0.000587242
2833 0.000586947
2834 0.000586946
2835 0.000587243
2836 0.000587242
2837 0.000586947
2838 0.000586946
2839 0.000587243
2840 0.000587242
2841 0.000586947
2842 0.000586946
2843 0.000587243
2844 0.000587242
2845 0.000586947
2846 0.000586946
2847 0.000587243
2848 0.000587242
2849 0.000586946
2850 0.000586945
2851 0.000587243
2852 0.000587242
2853 0.000586946
2854 0.000586945
2855 0.000587243
2856 0.000587242
2857 0.000586946
2858 0.000586945
2859 0.000587243
2860 0.000587242
2861 0.000586946
2862 0.000586945
2863 0.000587243
2864 0.000587242
2865 0.000586946
2866 0.000586945
2867 0.000587243
2868 0.000587242
2869 0.000586909
2870 0.000587243
2871 0.000587242
2872 0.000586947
2873 0.000586946
2874 0.000587243
2875 0.000587242
2876 0.000586947
2877 0.000586946
2878 0.000587243
2879 0.000587242
2880 0.000586947
2881 0.000586946
2882 0.000587243
2883 0.000587242
2884 0.000586947
2885 0.000586946
2886 0.000587243
2887 0.000587243
2888 0.000586946
2889 0.000586945
2890 0.000587243
2891 0.000587243
2892 0.000586946
2893 0.000586945
2894 0.000587243
2895 0.000587243
2896 0.000586946
2897 0.000586945
2898 0.000587243
2899 0.000587243
2900 0.000586946
2901 0.000586945
2902 0.000587243
2903 0.000587243
2904 0.000586946
2905 0.000586945
2906 0.000587243
2907 0.000587243
2908 0.00058691
2909 0.000587243
2910 0.000587243
2911 0.000586947
2912 0.000586946
2913 0.000587243
2914 0.000587243
2915 0.000586947
2916 0.000586946
2917 0.000587243
2918 0.000587243
2919 0.000586947
2920 0.000586946
2921 0.000587243
2922 0.000587243
2923 0.000586947
2924 0.000586946
2925 0.000587243
2926 0.000587243
2927 0.000586947
2928 0.000586946
2929 0.000587243
2930 0.000587243
2931 0.000586946
2932 0.000586945
2933 0.000587243
2934 0.000587243
2935 0.000586946
2936 0.000586945
2937 0.000587243
2938 0.000587243
2939 0.000586946
2940 0.000586945
2941 0.000587243
2942 0.000587243
2943 0.000586946
2944 0.000586945
2945 0.000587243
2946 0.000587243
2947 0.00058691
2948 0.000587243
2949 0.000587243
2950 0.000586948
2951 0.000586946
2952 0.000587243
2953 0.000587243
2954 0.000586948
2955 0.000586946
2956 0.000587243
2957 0.000587243
2958 0.000586948
2959 0.000586946
2960 0.000587243
2961 0.000587243
2962 0.000586948
2963 0.000586946
2964 0.000587243
2965 0.000587243
2966 0.000586948
2967 0.000586946
2968 0.000587243
2969 0.000587243
2970 0.000586947
2971 0.000586945
2972 0.000587243
2973 0.000587243
2974 0.000586947
2975 0.000586945
2976 0.000587243
2977 0.000587243
2978 0.000586947
2979 0.000586945
2980 0.000587243
2981 0.000587243
2982 0.000586947
2983 0.000586945
2984 0.000587243
2985 0.000587243
2986 0.00058691
2987 0.000587243
2988 0.000587243
2989 0.000586948
2990 0.000586946
2991 0.000587243
2992 0.000587243
2993 0.000586948
2994 0.000586946
2995 0.000587243
2996 0.000587243
2997 0.000586948
2998 0.000586946
2999 0.000587243
3000 0.000587243
3001 0.000586948
3002 0.000586946
3003 0.000587243
3004 0.000587243
3005 0.000586948
3006 0.000586946
3007 0.000587243
3008 0.000587243
3009 0.000586947
3010 0.000586945
3011 0.000587243
3012 0.000587243
3013 0.000586947
3014 0.000586945
3015 0.000587243
3016 0.000587243
3017 0.000586947
3018 0.000586945
3019 0.000587243
3020 0.000587243
3021 0.000586947
3022 0.000586945
3023 0.000587243
3024 0.000587243
3025 0.00058691
3026 0.000587243
3027 0.000587243
3028 0.000586948
3029 0.000586946
3030 0.000587243
3031 0.000587243
3032 0.000586948
3033 0.000586947
3034 0.000587243
3035 0.000587243
3036 0.000586948
3037 0.000586947
3038 0.000587243
3039 0.000587243
3040 0.000586948
3041 0.000586947
3042 0.000587243
3043 0.000587243
3044 0.000586948
3045 0.000586947
3046 0.000587243
3047 0.000587243
3048 0.000586947
3049 0.000586945
3050 0.000587243
3051 0.000587243
3052 0.000586947
3053 0.000586945
3054 0.000587243
3055 0.000587243
3056 0.000586947
3057 0.000586945
3058 0.000587243
3059 0.000587243
3060 0.000586947
3061 0.000586945
3062 0.000587243
3063 0.000587243
3064 0.00058691
3065 0.000587243
3066 0.000587243
3067 0.000586948
3068 0.000586947
3069 0.000587243
3070 0.000587243
3071 0.000586948
3072 0.000586947
3073 0.000587243
3074 0.000587243
3075 0.000586948
3076 0.000586947
3077 0.000587243
3078 0.000587243
3079 0.000586948
3080 0.000586947
3081 0.000587243
3082 0.000587243
3083 0.000586948
3084 0.000586947
3085 0.000587243
3086 0.000587243
3087 0.000586947
3088 0.000586945
3089 0.000587244
3090 0.000587243
3091 0.000586932
3092 0.000587065
3093 0.000587139
3094 0.000587077
3095 0.000587077
3096 0.000587106
3097 0.000587077
3098 0.000587077
3099 0.000587077
3100 0.000587077
3101 0.000587076
3102 0.000587077
3103 0.000587106
3104 0.000587077
3105 0.000587077
3106 0.000587077
3107 0.000587077
3108 0.000587076
3109 0.000587077
3110 0.000587106
3111 0.000587077
3112 0.000587077
3113 0.000587077
3114 0.000587077
3115 0.000587077
3116 0.000587077
3117 0.000587077
3118 0.000587077
3119 0.000587106
3120 0.000587077
3121 0.000587077
3122 0.000587077
3123 0.000587077
3124 0.000587077
3125 0.000587077
3126 0.000587106
3127 0.000587077
3128 0.000587077
3129 0.000587077
3130 0.000587077
3131 0.000587077
3132 0.000587077
3133 0.000587077
3134 0.000587077
3135 0.000587106
3136 0.000587077
3137 0.000587077
3138 0.000587077
3139 0.000587077
3140 0.000587077
3141 0.000587077
3142 0.000587106
3143 0.000587077
3144 0.000587077
3145 0.000587077
3146 0.000587077
3147 0.000587077
3148 0.000587077
3149 0.000587106
3150 0.000587077
3151 0.000587077
3152 0.000587077
3153 0.000587077
3154 0.000587077
3155 0.000587077
3156 0.000587077
3157 0.000587077
3158 0.000587106
3159 0.000587077
3160 0.000587077
3161 0.000587077
3162 0.000587077
3163 0.000587077
3164 0.000587077
3165 0.000587106
3166 0.000587077
3167 0.000587077
3168 0.000587077
3169 0.000587077
3170 0.000587077
3171 0.000587077
3172 0.000587077
3173 0.000587077
3174 0.000587106
3175 0.000587077
3176 0.000587077
3177 0.000587077
3178 0.000587077
3179 0.000587077
3180 0.000587077
3181 0.000587106
3182 0.000587077
3183 0.000587077
3184 0.000587077
3185 0.000587077
3186 0.000587077
3187 0.000587077
3188 0.000587106
3189 0.000587077
3190 0.000587077
3191 0.000587077
3192 0.000587077
3193 0.000587077
3194 0.000587077
3195 0.000587077
3196 0.000587077
3197 0.000587106
3198 0.000587077
3199 0.000587077
3200 0.000587077
3201 0.000587077
3202 0.000587077
3203 0.000587077
3204 0.000587106
3205 0.000587077
3206 0.000587077
3207 0.000587083
3208 0.00058707
3209 0.000587083
3210 0.000587079
3211 0.000587079
3212 0.000587082
3213 0.000587079
3214 0.000587079
3215 0.000587079
3216 0.000587079
3217 0.000587082
3218 0.00058708
3219 0.000587079
3220 0.00058708
3221 0.000587079
3222 0.00058708
3223 0.000587082
3224 0.000587079
3225 0.000587079
3226 0.000587079
3227 0.000587079
3228 0.000587082
3229 0.000587079
3230 0.000587079
3231 0.000587083
3232 0.00058707
3233 0.000587083
3234 0.000587077
3235 0.000587077
3236 0.000587106
3237 0.000587077
3238 0.000587077
3239 0.000587077
3240 0.000587077
3241 0.000587077
3242 0.000587077
3243 0.000587106
3244 0.000587077
3245 0.000587077
3246 0.000587077
3247 0.000587077
3248 0.000587077
3249 0.000587077
3250 0.000587077
3251 0.000587077
3252 0.000587106
3253 0.000587077
3254 0.000587077
3255 0.000587077
3256 0.000587077
3257 0.000587077
3258 0.000587077
3259 0.000587106
3260 0.000587077
3261 0.000587077
3262 0.000587077
3263 0.000587077
3264 0.000587077
3265 0.000587077
3266 0.000587106
3267 0.000587077
3268 0.000587077
3269 0.000587077
3270 0.000587077
3271 0.000587077
3272 0.000587077
3273 0.000587077
3274 0.000587077
3275 0.000587106
3276 0.000587077
3277 0.000587077
3278 0.000587077
3279 0.000587077
3280 0.000587077
3281 0.000587077
3282 0.000587106
3283 0.000587077
3284 0.000587077
3285 0.000587077
3286 0.000587077
3287 0.000587077
3288 0.000587077
3289 0.000587077
3290 0.000587077
3291 0.000587106
3292 0.000587077
3293 0.000587077
3294 0.000587077
3295 0.000587077
3296 0.000587077
3297 0.000587077
3298 0.000587106
3299 0.000587077
3300 0.000587077
3301 0.000587077
3302 0.000587077
3303 0.000587077
3304 0.000587077
3305 0.000587106
3306 0.000587077
3307 0.000587077
3308 0.000587077
3309 0.000587077
3310 0.000587077
3311 0.000587077
3312 0.000587077
3313 0.000587077
3314 0.000587106
3315 0.000587077
3316 0.000587077
3317 0.000587077
3318 0.000587077
3319 0.000587077
3320 0.000587077
3321 0.000587106
3322 0.000587077
3323 0.000587077
3324 0.000587077
3325 0.000587077
3326 0.000587077
3327 0.000587077
3328 0.000587077
3329 0.000587077
3330 0.000587106
3331 0.000587077
3332 0.000587077
3333 0.000587077
3334 0.000587077
3335 0.000587077
3336 0.000587077
3337 0.000587106
3338 0.000587077
3339 0.000587077
3340 0.000587077
3341 0.000587077
3342 0.000587076
3343 0.000587077
3344 0.000587106
3345 0.000587077
3346 0.000587077
3347 0.00058714
3348 0.000587066
3349 0.000586932
3350 0.000587243
3351 0.000587243
3352 0.000586948
3353 0.000586947
3354 0.000587243
3355 0.000587243
3356 0.000586947
3357 0.000586945
3358 0.000587244
3359 0.000587243
3360 0.000586947
3361 0.000586945
3362 0.000587244
3363 0.000587243
3364 0.000586947
3365 0.000586945
3366 0.000587244
3367 0.000587243
3368 0.000586947
3369 0.000586945
3370 0.000587244
3371 0.000587243
3372 0.000586947
3373 0.000586945
3374 0.000587244
3375 0.000587243
3376 0.00058691
3377 0.000587243
3378 0.000587243
3379 0.000586948
3380 0.000586947
3381 0.000587243
3382 0.000587243
3383 0.000586948
3384 0.000586947
3385 0.000587243
3386 0.000587243
3387 0.000586948
3388 0.000586947
3389 0.000587243
3390 0.000587243
3391 0.000586948
3392 0.000586947
3393 0.000587243
3394 0.000587243
3395 0.000586948
3396 0.000586947
3397 0.000587243
3398 0.000587243
3399 0.000586947
3400 0.000586945
3401 0.000587243
3402 0.000587243
3403 0.000586947
3404 0.000586945
3405 0.000587243
3406 0.000587243
3407 0.000586947
3408 0.000586945
3409 0.000587243
3410 0.000587243
3411 0.000586947
3412 0.000586945
3413 0.000587243
3414 0.000587243
3415 0.00058691
3416 0.000587243
3417 0.000587243
3418 0.000586948
3419 0.000586946
3420 0.000587243
3421 0.000587243
3422 0.000586948
3423 0.000586946
3424 0.000587243
3425 0.000587243
3426 0.000586948
3427 0.000586946
3428 0.000587243
3429 0.000587243
3430 0.000586948
3431 0.000586946
3432 0.000587243
3433 0.000587243
3434 0.000586948
3435 0.000586946
3436 0.000587243
3437 0.000587243
3438 0.000586947
3439 0.000586945
3440 0.000587243
3441 0.000587243
3442 0.000586947
3443 0.000586945
3444 0.000587243
3445 0.000587243
3446 0.000586947
3447 0.000586945
3448 0.000587243
3449 0.000587243
3450 0.000586947
3451 0.000586945
3452 0.000587243
3453 0.000587243
3454 0.00058691
3455 0.000587243
3456 0.000587243
3457 0.000586948
3458 0.000586946
3459 0.000587243
3460 0.000587243
3461 0.000586948
3462 0.000586946
3463 0.000587243
3464 0.000587243
3465 0.000586948
3466 0.000586946
3467 0.000587243
3468 0.000587243
3469 0.000586948
3470 0.000586946
3471 0.000587243
3472 0.000587243
3473 0.000586948
3474 0.000586946
3475 0.000587243
3476 0.000587243
3477 0.000586947
3478 0.000586945
3479 0.000587243
3480 0.000587243
3481 0.000586946
3482 0.000586945
3483 0.000587243
3484 0.000587243
3485 0.000586946
3486 0.000586945
3487 0.000587243
3488 0.000587243
3489 0.000586946
3490 0.000586945
3491 0.000587243
3492 0.000587243
3493 0.00058691
3494 0.000587243
3495 0.000587243
3496 0.000586948
3497 0.000586946
3498 0.000587243
3499 0.000587243
3500 0.000586948
3501 0.000586946
3502 0.000587243
3503 0.000587243
3504 0.000586948
3505 0.000586946
3506 0.000587243
3507 0.000587243
3508 0.000586948
3509 0.000586946
3510 0.000587243
3511 0.000587243
3512 0.000586946
3513 0.000586945
3514 0.000587243
3515 0.000587243
3516 0.000586946
3517 0.000586945
3518 0.000587243
3519 0.000587243
3520 0.000586946
3521 0.000586945
3522 0.000587243
3523 0.000587243
3524 0.000586946
3525 0.000586945
3526 0.000587243
3527 0.000587243
3528 0.000586946
3529 0.000586945
3530 0.000587243
3531 0.000587243
3532 0.00058691
3533 0.000587243
3534 0.000587243
3535 0.000586947
3536 0.000586946
3537 0.000587243
3538 0.000587243
3539 0.000586947
3540 0.000586946
3541 0.000587243
3542 0.000587243
3543 0.000586947
3544 0.000586946
3545 0.000587243
3546 0.000587243
3547 0.000586947
3548 0.000586946
3549 0.000587243
3550 0.000587243
3551 0.000586947
3552 0.000586946
3553 0.000587243
3554 0.000587243
3555 0.000586946
3556 0.000586945
3557 0.000587243
3558 0.000587243
3559 0.000586946
3560 0.000586945
3561 0.000587243
3562 0.000587243
3563 0.000586946
3564 0.000586945
3565 0.000587243
3566 0.000587243
3567 0.000586946
3568 0.000586945
3569 0.000587243
3570 0.000587242
3571 0.000586909
3572 0.000587243
3573 0.000587242
3574 0.000586947
3575 0.000586946
3576 0.000587243
3577 0.000587242
3578 0.000586947
3579 0.000586946
3580 0.000587243
3581 0.000587242
3582 0.000586947
3583 0.000586946
3584 0.000587243
3585 0.000587242
3586 0.000586947
3587 0.000586946
3588 0.000587243
3589 0.000587242
3590 0.000586947
3591 0.000586946
3592 0.000587243
3593 0.000587242
3594 0.000586946
3595 0.000586945
3596 0.000587243
3597 0.000587242
3598 0.000586946
3599 0.000586945
3600 0.000587243
3601 0.000587242
3602 0.000586946
3603 0.000586945
3604 0.000587243
3605 0.000587242
3606 0.000586946
3607 0.000586945
3608 0.000587243
3609 0.000587242
3610 0.000586909
3611 0.000587243
3612 0.000587242
3613 0.000586947
3614 0.000586946
3615 0.000587243
3616 0.000587242
3617 0.000586947
3618 0.000586946
3619 0.000587243
3620 0.000587242
3621 0.000586947
3622 0.000586946
3623 0.000587243
3624 0.000587242
3625 0.000586947
3626 0.000586946
3627 0.000587242
3628 0.000587242
3629 0.000586947
3630 0.000586946
3631 0.000587242
3632 0.000587242
3633 0.000586946
3634 0.000586944
3635 0.000587242
3636 0.000587242
3637 0.000586946
3638 0.000586944
3639 0.000587242
3640 0.000587242
3641 0.000586946
3642 0.000586944
3643 0.000587242
3644 0.000587242
3645 0.000586946
3646 0.000586944
3647 0.000587242
3648 0.000587242
3649 0.000586909
3650 0.000587242
3651 0.000587242
3652 0.000586947
3653 0.000586945
3654 0.000587242
3655 0.000587242
3656 0.000586947
3657 0.000586945
3658 0.000587242
3659 0.000587242
3660 0.000586947
3661 0.000586945
3662 0.000587242
3663 0.000587242
3664 0.000586946
3665 0.000586945
3666 0.000587242
3667 0.000587242
3668 0.000586945
3669 0.000586944
3670 0.000587242
3671 0.000587242
3672 0.000586945
3673 0.000586944
3674 0.000587242
3675 0.000587242
3676 0.000586945
3677 0.000586944
3678 0.000587242
3679 0.000587242
3680 0.000586945
3681 0.000586944
3682 0.000587242
3683 0.000587241
3684 0.000586945
3685 0.000586944
3686 0.000587242
3687 0.000587241
3688 0.000586908
3689 0.000587242
3690 0.000587241
3691 0.000586946
3692 0.000586945
3693 0.000587242
3694 0.000587241
3695 0.000586946
3696 0.000586945
3697 0.000587242
3698 0.000587241
3699 0.000586946
3700 0.000586945
3701 0.000587242
3702 0.000587241
3703 0.000586946
3704 0.000586945
3705 0.000587241
3706 0.000587241
3707 0.000586946
3708 0.000586944
3709 0.000587241
3710 0.000587241
3711 0.000586945
3712 0.000586943
3713 0.000587241
3714 0.000587241
3715 0.000586945
3716 0.000586943
3717 0.000587241
3718 0.000587241
3719 0.000586944
3720 0.000586943
3721 0.000587241
3722 0.000587241
3723 0.000586944
3724 0.000586943
3725 0.000587241
3726 0.000587241
3727 0.000586907
3728 0.000587241
3729 0.00058724
3730 0.000586945
3731 0.000586944
3732 0.000587241
3733 0.00058724
3734 0.000586945
3735 0.000586944
3736 0.000587241
3737 0.00058724
3738 0.000586945
3739 0.000586944
3740 0.000587241
3741 0.00058724
3742 0.000586945
3743 0.000586944
3744 0.00058724
3745 0.00058724
3746 0.000586944
3747 0.000586942
3748 0.00058724
3749 0.00058724
3750 0.000586943
3751 0.000586942
3752 0.00058724
3753 0.00058724
3754 0.000586943
3755 0.000586942
3756 0.00058724
3757 0.000587239
3758 0.000586943
3759 0.000586942
3760 0.00058724
3761 0.000587239
3762 0.000586943
3763 0.000586942
3764 0.00058724
3765 0.000587239
3766 0.000586906
3767 0.000587239
3768 0.000587239
3769 0.000586944
3770 0.000586942
3771 0.000587239
3772 0.000587239
3773 0.000586943
3774 0.000586942
3775 0.000587239
3776 0.000587238
3777 0.000586943
3778 0.000586942
3779 0.000587239
3780 0.000587238
3781 0.000586943
3782 0.000586942
3783 0.000587238
3784 0.000587238
3785 0.000586943
3786 0.000586941
3787 0.000587238
3788 0.000587238
3789 0.000586941
3790 0.00058694
3791 0.000587238
3792 0.000587237
3793 0.000586941
3794 0.000586939
3795 0.000587237
3796 0.000587237
3797 0.00058694
3798 0.000586939
3799 0.000587237
3800 0.000587236
3801 0.00058694
3802 0.000586938
3803 0.000587236
3804 0.000587236
3805 0.000586902
3806 0.000587236
3807 0.000587235
3808 0.00058694
3809 0.000586938
3810 0.000587235
3811 0.000587234
3812 0.000586939
3813 0.000586937
3814 0.000587234
3815 0.000587233
3816 0.000586938
3817 0.000586937
3818 0.000587233
3819 0.000587232
3820 0.000586937
3821 0.000586935
3822 0.000587232
3823 0.000587231
3824 0.000586935
3825 0.000586933
3826 0.000587231
3827 0.00058723
3828 0.000586933
3829 0.000586931
3830 0.000587229
3831 0.000587228
3832 0.000586931
3833 0.000586929
3834 0.000587226
3835 0.000587225
3836 0.000586928
3837 0.000586925
3838 0.000587223
3839 0.000587221
3840 0.000586924
3841 0.000586921
3842 0.000587218
3843 0.000588373
3844 0.000590406
3845 0.000591981
3846 0.000592547
3847 0.000592846
3848 0.000593271
3849 0.000593779
3850 0.000594267
3851 0.000594688
3852 0.00059488
3853 0.000595534
3854 0.000596011
3855 0.000596007
3856 0.000596456
3857 0.000596808
3858 0.000596965
3859 0.000597181
3860 0.000597317
3861 0.000597434
3862 0.000597523
3863 0.000597597
3864 0.000597606
3865 0.000597556
3866 0.000597477
3867 0.000597425
3868 0.000597194
3869 0.000597065
3870 0.000596819
3871 0.000596487
3872 0.000596466
3873 0.000595999
3874 0.000595587
3875 0.000595344
3876 0.000594707
3877 0.000594248
3878 0.000594123
3879 0.000593634
3880 0.000592859
3881 0.000592451
3882 0.000592006
3883 0.000590679
3884 0.000588293
3885 0.000587179
3886 0.000587218
3887 0.000586921
3888 0.000586923
3889 0.000587221
3890 0.000587222
3891 0.000586925
3892 0.000586928
3893 0.000587225
3894 0.000587226
3895 0.000586928
3896 0.000586931
3897 0.000587228
3898 0.000587229
3899 0.000586931
3900 0.000586933
3901 0.00058723
3902 0.000587231
3903 0.000586933
3904 0.000586935
3905 0.000587231
3906 0.000587232
3907 0.000586935
3908 0.000586937
3909 0.000587232
3910 0.000587233
3911 0.000586937
3912 0.000586938
3913 0.000587233
3914 0.000587234
3915 0.000586938
3916 0.000586939
3917 0.000587234
3918 0.000587235
3919 0.000586938
3920 0.00058694
3921 0.000587235
3922 0.000587236
3923 0.000586902
3924 0.000587236
3925 0.000587236
3926 0.000586938
3927 0.00058694
3928 0.000587236
3929 0.000587237
3930 0.000586939
3931 0.00058694
3932 0.000587237
3933 0.000587237
3934 0.000586939
3935 0.000586941
3936 0.000587237
3937 0.000587238
3938 0.00058694
3939 0.000586941
3940 0.000587238
3941 0.000587238
3942 0.000586941
3943 0.000586943
3944 0.000587238
3945 0.000587238
3946 0.000586942
3947 0.000586943
3948 0.000587238
3949 0.000587239
3950 0.000586942
3951 0.000586943
3952 0.000587238
3953 0.000587239
3954 0.000586942
3955 0.000586943
3956 0.000587239
3957 0.000587239
3958 0.000586942
3959 0.000586944
3960 0.000587239
3961 0.000587239
3962 0.000586906
3963 0.000587239
3964 0.00058724
3965 0.000586942
3966 0.000586943
3967 0.000587239
3968 0.00058724
3969 0.000586942
3970 0.000586943
3971 0.00058724
3972 0.00058724
3973 0.000586942
3974 0.000586943
3975 0.00058724
3976 0.00058724
3977 0.000586942
3978 0.000586943
3979 0.00058724
3980 0.00058724
3981 0.000586942
3982 0.000586944
3983 0.00058724
3984 0.00058724
3985 0.000586944
3986 0.000586945
3987 0.00058724
3988 0.000587241
3989 0.000586944
3990 0.000586945
3991 0.00058724
3992 0.000587241
3993 0.000586944
3994 0.000586945
3995 0.00058724
3996 0.000587241
3997 0.000586944
3998 0.000586945
3999 0.00058724
4000 0.000587241
4001 0.000586907
4002 0.000587241
4003 0.000587241
4004 0.000586943
4005 0.000586944
4006 0.000587241
4007 0.000587241
4008 0.000586943
4009 0.000586944
4010 0.000587241
4011 0.000587241
4012 0.000586943
4013 0.000586945
4014 0.000587241
4015 0.000587241
4016 0.000586943
4017 0.000586945
4018 0.000587241
4019 0.000587241
4020 0.000586944
4021 0.000586946
4022 0.000587241
4023 0.000587241
4024 0.000586945
4025 0.000586946
4026 0.000587241
4027 0.000587242
4028 0.000586945
4029 0.000586946
4030 0.000587241
4031 0.000587242
4032 0.000586945
4033 0.000586946
4034 0.000587241
4035 0.000587242
4036 0.000586945
4037 0.000586946
4038 0.000587241
4039 0.000587242
4040 0.000586908
4041 0.000587241
4042 0.000587242
4043 0.000586944
4044 0.000586945
4045 0.000587241
4046 0.000587242
4047 0.000586944
4048 0.000586945
4049 0.000587242
4050 0.000587242
4051 0.000586944
4052 0.000586945
4053 0.000587242
4054 0.000587242
4055 0.000586944
4056 0.000586945
4057 0.000587242
4058 0.000587242
4059 0.000586944
4060 0.000586945
4061 0.000587242
4062 0.000587242
4063 0.000586945
4064 0.000586946
4065 0.000587242
4066 0.000587242
4067 0.000586945
4068 0.000586947
4069 0.000587242
4070 0.000587242
4071 0.000586945
4072 0.000586947
4073 0.000587242
4074 0.000587242
4075 0.000586945
4076 0.000586947
4077 0.000587242
4078 0.000587242
4079 0.000586909
4080 0.000587242
4081 0.000587242
4082 0.000586944
4083 0.000586946
4084 0.000587242
4085 0.000587242
4086 0.000586944
4087 0.000586946
4088 0.000587242
4089 0.000587242
4090 0.000586944
4091 0.000586946
4092 0.000587242
4093 0.000587242
4094 0.000586944
4095 0.000586946
4096 0.000587242
4097 0.000587242
4098 0.000586946
4099 0.000586947
4100 0.000587242
4101 0.000587242
4102 0.000586946
4103 0.000586947
4104 0.000587242
4105 0.000587243
4106 0.000586946
4107 0.000586947
4108 0.000587242
4109 0.000587243
4110 0.000586946
4111 0.000586947
4112 0.000587242
4113 0.000587243
4114 0.000586946
4115 0.000586947
4116 0.000587242
4117 0.000587243
4118 0.000586909
4119 0.000587242
4120 0.000587243
4121 0.000586945
4122 0.000586946
4123 0.000587242
4124 0.000587243
4125 0.000586945
4126 0.000586946
4127 0.000587242
4128 0.000587243
4129 0.000586945
4130 0.000586946
4131 0.000587242
4132 0.000587243
4133 0.000586945
4134 0.000586946
4135 0.000587242
4136 0.000587243
4137 0.000586946
4138 0.000586947
4139 0.000587242
4140 0.000587243
4141 0.000586946
4142 0.000586947
4143 0.000587242
4144 0.000587243
4145 0.000586946
4146 0.000586947
4147 0.000587242
4148 0.000587243
4149 0.000586946
4150 0.000586947
4151 0.000587242
4152 0.000587243
4153 0.000586946
4154 0.000586947
4155 0.000587242
4156 0.000587243
4157 0.000586909
4158 0.000587242
4159 0.000587243
4160 0.000586945
4161 0.000586946
4162 0.000587243
4163 0.000587243
4164 0.000586945
4165 0.000586946
4166 0.000587243
4167 0.000587243
4168 0.000586945
4169 0.000586946
4170 0.000587243
4171 0.000587243
4172 0.000586945
4173 0.000586946
4174 0.000587243
4175 0.000587243
4176 0.000586946
4177 0.000586947
4178 0.000587243
4179 0.000587243
4180 0.000586946
4181 0.000586947
4182 0.000587243
4183 0.000587243
4184 0.000586946
4185 0.000586947
4186 0.000587243
4187 0.000587243
4188 0.000586946
4189 0.000586947
4190 0.000587243
4191 0.000587243
4192 0.000586946
4193 0.000586947
4194 0.000587243
4195 0.000587243
4196 0.00058691
4197 0.000587243
4198 0.000587243
4199 0.000586945
4200 0.000586946
4201 0.000587243
4202 0.000587243
4203 0.000586945
4204 0.000586946
4205 0.000587243
4206 0.000587243
4207 0.000586945
4208 0.000586946
4209 0.000587243
4210 0.000587243
4211 0.000586945
4212 0.000586946
4213 0.000587243
4214 0.000587243
4215 0.000586945
4216 0.000586946
4217 0.000587243
4218 0.000587243
4219 0.000586946
4220 0.000586948
4221 0.000587243
4222 0.000587243
4223 0.000586946
4224 0.000586948
4225 0.000587243
4226 0.000587243
4227 0.000586946
4228 0.000586948
4229 0.000587243
4230 0.000587243
4231 0.000586946
4232 0.000586948
4233 0.000587243
4234 0.000587243
4235 0.00058691
4236 0.000587243
4237 0.000587243
4238 0.000586945
4239 0.000586946
4240 0.000587243
4241 0.000587243
4242 0.000586945
4243 0.000586946
4244 0.000587243
4245 0.000587243
4246 0.000586945
4247 0.000586946
4248 0.000587243
4249 0.000587243
4250 0.000586945
4251 0.000586947
4252 0.000587243
4253 0.000587243
4254 0.000586946
4255 0.000586948
4256 0.000587243
4257 0.000587243
4258 0.000586946
4259 0.000586948
4260 0.000587243
4261 0.000587243
4262 0.000586946
4263 0.000586948
4264 0.000587243
4265 0.000587243
4266 0.000586946
4267 0.000586948
4268 0.000587243
4269 0.000587243
4270 0.000586946
4271 0.000586948
4272 0.000587243
4273 0.000587243
4274 0.00058691
4275 0.000587243
4276 0.000587243
4277 0.000586945
4278 0.000586947
4279 0.000587243
4280 0.000587243
4281 0.000586945
4282 0.000586947
4283 0.000587243
4284 0.000587243
4285 0.000586945
4286 0.000586947
4287 0.000587243
4288 0.000587243
4289 0.000586945
4290 0.000586947
4291 0.000587243
4292 0.000587243
4293 0.000586946
4294 0.000586948
4295 0.000587243
4296 0.000587243
4297 0.000586946
4298 0.000586948
4299 0.000587243
4300 0.000587243
4301 0.000586946
4302 0.000586948
4303 0.000587243
4304 0.000587243
4305 0.000586946
4306 0.000586948
4307 0.000587243
4308 0.000587243
4309 0.000586946
4310 0.000586948
4311 0.000587243
4312 0.000587243
4313 0.00058691
4314 0.000587243
4315 0.000587243
4316 0.000586945
4317 0.000586947
4318 0.000587243
4319 0.000587243
4320 0.000586945
4321 0.000586947
4322 0.000587243
4323 0.000587243
4324 0.000586945
4325 0.000586947
4326 0.000587243
4327 0.000587243
4328 0.000586945
4329 0.000586947
4330 0.000587243
4331 0.000587243
4332 0.000586947
4333 0.000586948
4334 0.000587243
4335 0.000587243
4336 0.000586947
4337 0.000586948
4338 0.000587243
4339 0.000587243
4340 0.000586947
4341 0.000586948
4342 0.000587243
4343 0.000587243
4344 0.000586947
4345 0.000586948
4346 0.000587243
4347 0.000587243
4348 0.000586947
4349 0.000586948
4350 0.000587243
4351 0.000587243
4352 0.00058691
4353 0.000587243
4354 0.000587244
4355 0.000586945
4356 0.000586947
4357 0.000587243
4358 0.000587244
4359 0.000586945
4360 0.000586947
4361 0.000587243
4362 0.000587244
4363 0.000586945
4364 0.000586947
4365 0.000587243
4366 0.000587244
4367 0.000586945
4368 0.000586947
4369 0.000587243
4370 0.000587244
4371 0.000586945
4372 0.000586947
4373 0.000587243
4374 0.000587243
4375 0.000586947
4376 0.000586948
4377 0.000587243
4378 0.000587243
4379 0.000586932
4380 0.000587066
4381 0.00058714
4382 0.000587077
4383 0.000587077
4384 0.000587106
4385 0.000587077
4386 0.000587076
4387 0.000587077
4388 0.000587077
4389 0.000587077
4390 0.000587077
4391 0.000587106
4392 0.000587077
4393 0.000587077
4394 0.000587077
4395 0.000587077
4396 0.000587077
4397 0.000587077
4398 0.000587106
4399 0.000587077
4400 0.000587077
4401 0.000587077
4402 0.000587077
4403 0.000587077
4404 0.000587077
4405 0.000587077
4406 0.000587077
4407 0.000587106
4408 0.000587077
4409 0.000587077
4410 0.000587077
4411 0.000587077
4412 0.000587077
4413 0.000587077
4414 0.000587106
4415 0.000587077
4416 0.000587077
4417 0.000587077
4418 0.000587077
4419 0.000587077
4420 0.000587077
4421 0.000587077
4422 0.000587077
4423 0.000587106
4424 0.000587077
4425 0.000587077
4426 0.000587077
4427 0.000587077
4428 0.000587077
4429 0.000587077
4430 0.000587106
4431 0.000587077
4432 0.000587077
4433 0.000587077
4434 0.000587077
4435 0.000587077
4436 0.000587077
4437 0.000587106
4438 0.000587077
4439 0.000587077
4440 0.000587077
4441 0.000587077
4442 0.000587077
4443 0.000587077
4444 0.000587077
4445 0.000587077
4446 0.000587106
4447 0.000587077
4448 0.000587077
4449 0.000587077
4450 0.000587077
4451 0.000587077
4452 0.000587077
4453 0.000587106
4454 0.000587077
4455 0.000587077
4456 0.000587077
4457 0.000587077
4458 0.000587077
4459 0.000587077
4460 0.000587077
4461 0.000587077
4462 0.000587106
4463 0.000587077
4464 0.000587077
4465 0.000587077
4466 0.000587077
4467 0.000587077
4468 0.000587077
4469 0.000587106
4470 0.000587077
4471 0.000587077
4472 0.000587077
4473 0.000587077
4474 0.000587077
4475 0.000587077
4476 0.000587106
4477 0.000587077
4478 0.000587077
4479 0.000587077
4480 0.000587077
4481 0.000587077
4482 0.000587077
4483 0.000587077
4484 0.000587077
4485 0.000587106
4486 0.000587077
4487 0.000587077
4488 0.000587077
4489 0.000587077
4490 0.000587077
4491 0.000587077
4492 0.000587106
4493 0.000587077
4494 0.000587077
4495 0.000587083
4496 0.00058707
4497 0.000587083
4498 0.000587079
4499 0.000587079
4500 0.000587082
4501 0.000587079
4502 0.000587079
4503 0.000587079
4504 0.000587079
4505 0.000587082
4506 0.00058708
4507 0.000587079
4508 0.00058708
4509 0.000587079
4510 0.00058708
4511 0.000587082
4512 0.000587079
4513 0.000587079
4514 0.000587079
4515 0.000587079
4516 0.000587082
4517 0.000587079
4518 0.000587079
4519 0.000587083
4520 0.00058707
4521 0.000587083
4522 0.000587077
4523 0.000587077
4524 0.000587106
4525 0.000587077
4526 0.000587077
4527 0.000587077
4528 0.000587077
4529 0.000587077
4530 0.000587077
4531 0.000587106
4532 0.000587077
4533 0.000587077
4534 0.000587077
4535 0.000587077
4536 0.000587077
4537 0.000587077
4538 0.000587077
4539 0.000587077
4540 0.000587106
4541 0.000587077
4542 0.000587077
4543 0.000587077
4544 0.000587077
4545 0.000587077
4546 0.000587077
4547 0.000587106
4548 0.000587077
4549 0.000587077
4550 0.000587077
4551 0.000587077
4552 0.000587077
4553 0.000587077
4554 0.000587106
4555 0.000587077
4556 0.000587077
4557 0.000587077
4558 0.000587077
4559 0.000587077
4560 0.000587077
4561 0.000587077
4562 0.000587077
4563 0.000587106
4564 0.000587077
4565 0.000587077
4566 0.000587077
4567 0.000587077
4568 0.000587077
4569 0.000587077
4570 0.000587106
4571 0.000587077
4572 0.000587077
4573 0.000587077
4574 0.000587077
4575 0.000587077
4576 0.000587077
4577 0.000587077
4578 0.000587077
4579 0.000587106
4580 0.000587077
4581 0.000587077
4582 0.000587077
4583 0.000587077
4584 0.000587077
4585 0.000587077
4586 0.000587106
4587 0.000587077
4588 0.000587077
4589 0.000587077
4590 0.000587077
4591 0.000587077
4592 0.000587077
4593 0.000587106
4594 0.000587077
4595 0.000587077
4596 0.000587077
4597 0.000587077
4598 0.000587077
4599 0.000587077
4600 0.000587077
4601 0.000587077
4602 0.000587106
4603 0.000587077
4604 0.000587077
4605 0.000587077
4606 0.000587077
4607 0.000587077
4608 0.000587077
4609 0.000587106
4610 0.000587077
4611 0.000587077
4612 0.000587077
4613 0.000587077
4614 0.000587077
4615 0.000587077
4616 0.000587077
4617 0.000587077
4618 0.000587106
4619 0.000587077
4620 0.000587076
4621 0.000587077
4622 0.000587077
4623 0.000587077
4624 0.000587077
4625 0.000587106
4626 0.000587077
4627 0.000587076
4628 0.000587077
4629 0.000587077
4630 0.000587077
4631 0.000587077
4632 0.000587106
4633 0.000587077
4634 0.000587077
4635 0.000587139
4636 0.000587065
4637 0.000586932
4638 0.000587243
4639 0.000587244
4640 0.000586945
4641 0.000586947
4642 0.000587243
4643 0.000587243
4644 0.000586947
4645 0.000586948
4646 0.000587243
4647 0.000587243
4648 0.000586947
4649 0.000586948
4650 0.000587243
4651 0.000587243
4652 0.000586947
4653 0.000586948
4654 0.000587243
4655 0.000587243
4656 0.000586947
4657 0.000586948
4658 0.000587243
4659 0.000587243
4660 0.000586947
4661 0.000586948
4662 0.000587243
4663 0.000587243
4664 0.00058691
4665 0.000587243
4666 0.000587243
4667 0.000586945
4668 0.000586947
4669 0.000587243
4670 0.000587243
4671 0.000586945
4672 0.000586947
4673 0.000587243
4674 0.000587243
4675 0.000586945
4676 0.000586947
4677 0.000587243
4678 0.000587243
4679 0.000586945
4680 0.000586947
4681 0.000587243
4682 0.000587243
4683 0.000586947
4684 0.000586948
4685 0.000587243
4686 0.000587243
4687 0.000586947
4688 0.000586948
4689 0.000587243
4690 0.000587243
4691 0.000586947
4692 0.000586948
4693 0.000587243
4694 0.000587243
4695 0.000586947
4696 0.000586948
4697 0.000587243
4698 0.000587243
4699 0.000586946
4700 0.000586948
4701 0.000587243
4702 0.000587243
4703 0.00058691
4704 0.000587243
4705 0.000587243
4706 0.000586945
4707 0.000586947
4708 0.000587243
4709 0.000587243
4710 0.000586945
4711 0.000586947
4712 0.000587243
4713 0.000587243
4714 0.000586945
4715 0.000586947
4716 0.000587243
4717 0.000587243
4718 0.000586945
4719 0.000586947
4720 0.000587243
4721 0.000587243
4722 0.000586946
4723 0.000586948
4724 0.000587243
4725 0.000587243
4726 0.000586946
4727 0.000586948
4728 0.000587243
4729 0.000587243
4730 0.000586946
4731 0.000586948
4732 0.000587243
4733 0.000587243
4734 0.000586946
4735 0.000586948
4736 0.000587243
4737 0.000587243
4738 0.000586946
4739 0.000586948
4740 0.000587243
4741 0.000587243
4742 0.00058691
4743 0.000587243
4744 0.000587243
4745 0.000586945
4746 0.000586947
4747 0.000587243
4748 0.000587243
4749 0.000586945
4750 0.000586947
4751 0.000587243
4752 0.000587243
4753 0.000586945
4754 0.000586947
4755 0.000587243
4756 0.000587243
4757 0.000586945
4758 0.000586947
4759 0.000587243
4760 0.000587243
4761 0.000586946
4762 0.000586948
4763 0.000587243
4764 0.000587243
4765 0.000586946
4766 0.000586948
4767 0.000587243
4768 0.000587243
4769 0.000586946
4770 0.000586948
4771 0.000587243
4772 0.000587243
4773 0.000586946
4774 0.000586948
4775 0.000587243
4776 0.000587243
4777 0.000586946
4778 0.000586948
4779 0.000587243
4780 0.000587243
4781 0.00058691
4782 0.000587243
4783 0.000587243
4784 0.000586945
4785 0.000586946
4786 0.000587243
4787 0.000587243
4788 0.000586945
4789 0.000586946
4790 0.000587243
4791 0.000587243
4792 0.000586945
4793 0.000586946
4794 0.000587243
4795 0.000587243
4796 0.000586945
4797 0.000586946
4798 0.000587243
4799 0.000587243
4800 0.000586946
4801 0.000586947
4802 0.000587243
4803 0.000587243
4804 0.000586946
4805 0.000586947
4806 0.000587243
4807 0.000587243
4808 0.000586946
4809 0.000586947
4810 0.000587243
4811 0.000587243
4812 0.000586946
4813 0.000586947
4814 0.000587243
4815 0.000587243
4816 0.000586946
4817 0.000586947
4818 0.000587243
4819 0.000587243
4820 0.00058691
4821 0.000587243
4822 0.000587243
4823 0.000586945
4824 0.000586946
4825 0.000587243
4826 0.000587243
4827 0.000586945
4828 0.000586946
4829 0.000587243
4830 0.000587243
4831 0.000586945
4832 0.000586946
4833 0.000587243
4834 0.000587243
4835 0.000586945
4836 0.000586946
4837 0.000587243
4838 0.000587243
4839 0.000586945
4840 0.000586946
4841 0.000587243
4842 0.000587243
4843 0.000586946
4844 0.000586947
4845 0.000587242
4846 0.000587243
4847 0.000586946
4848 0.000586947
4849 0.000587242
4850 0.000587243
4851 0.000586946
4852 0.000586947
4853 0.000587242
4854 0.000587243
4855 0.000586946
4856 0.000586947
4857 0.000587242
4858 0.000587243
4859 0.000586909
4860 0.000587242
4861 0.000587243
4862 0.000586945
4863 0.000586946
4864 0.000587242
4865 0.000587243
4866 0.000586945
4867 0.000586946
4868 0.000587242
4869 0.000587243
4870 0.000586945
4871 0.000586946
4872 0.000587242
4873 0.000587243
4874 0.000586945
4875 0.000586946
4876 0.000587242
4877 0.000587243
4878 0.000586945
4879 0.000586946
4880 0.000587242
4881 0.000587243
4882 0.000586946
4883 0.000586947
4884 0.000587242
4885 0.000587243
4886 0.000586946
4887 0.000586947
4888 0.000587242
4889 0.000587243
4890 0.000586946
4891 0.000586947
4892 0.000587242
4893 0.000587243
4894 0.000586946
4895 0.000586947
4896 0.000587242
4897 0.000587243
4898 0.000586909
4899 0.000587242
4900 0.000587243
4901 0.000586945
4902 0.000586946
4903 0.000587242
4904 0.000587243
4905 0.000586945
4906 0.000586946
4907 0.000587242
4908 0.000587243
4909 0.000586944
4910 0.000586946
4911 0.000587242
4912 0.000587243
4913 0.000586944
4914 0.000586946
4915 0.000587242
4916 0.000587242
4917 0.000586946
4918 0.000586947
4919 0.000587242
4920 0.000587242
4921 0.000586945
4922 0.000586947
4923 0.000587242
4924 0.000587242
4925 0.000586945
4926 0.000586947
4927 0.000587242
4928 0.000587242
4929 0.000586945
4930 0.000586947
4931 0.000587242
4932 0.000587242
4933 0.000586945
4934 0.000586947
4935 0.000587242
4936 0.000587242
4937 0.000586909
4938 0.000587242
4939 0.000587242
4940 0.000586944
4941 0.000586945
4942 0.000587242
4943 0.000587242
4944 0.000586944
4945 0.000586945
4946 0.000587242
4947 0.000587242
4948 0.000586944
4949 0.000586945
4950 0.000587242
4951 0.000587242
4952 0.000586944
4953 0.000586945
4954 0.000587242
4955 0.000587242
4956 0.000586945
4957 0.000586946
4958 0.000587242
4959 0.000587242
4960 0.000586945
4961 0.000586946
4962 0.000587241
4963 0.000587242
4964 0.000586945
4965 0.000586946
4966 0.000587241
4967 0.000587242
4968 0.000586945
4969 0.000586946
4970 0.000587241
4971 0.000587242
4972 0.000586945
4973 0.000586946
4974 0.000587241
4975 0.000587242
4976 0.000586908
4977 0.000587241
4978 0.000587242
4979 0.000586944
4980 0.000586945
4981 0.000587241
4982 0.000587242
4983 0.000586944
4984 0.000586945
4985 0.000587241
4986 0.000587242
4987 0.000586943
4988 0.000586945
4989 0.000587241
4990 0.000587241
4991 0.000586943
4992 0.000586945
4993 0.000587241
4994 0.000587241
4995 0.000586943
4996 0.000586945
4997 0.000587241
4998 0.000587241
4999 0.000586944
5000 0.000586946
5001 0.000587241
5002 0.000587241
5003 0.000586944
5004 0.000586945
5005 0.000587241
5006 0.000587241
5007 0.000586944
5008 0.000586945
5009 0.000587241
5010 0.000587241
5011 0.000586944
5012 0.000586945
5013 0.00058724
5014 0.000587241
5015 0.000586907
5016 0.00058724
5017 0.000587241
5018 0.000586943
5019 0.000586944
5020 0.00058724
5021 0.000587241
5022 0.000586943
5023 0.000586944
5024 0.00058724
5025 0.000587241
5026 0.000586942
5027 0.000586944
5028 0.00058724
5029 0.00058724
5030 0.000586942
5031 0.000586944
5032 0.00058724
5033 0.00058724
5034 0.000586943
5035 0.000586944
5036 0.00058724
5037 0.00058724
5038 0.000586943
5039 0.000586944
5040 0.000587239
5041 0.00058724
5042 0.000586943
5043 0.000586944
5044 0.000587239
5045 0.00058724
5046 0.000586943
5047 0.000586944
5048 0.000587239
5049 0.000587239
5050 0.000586943
5051 0.000586944
5052 0.000587239
5053 0.000587239
5054 0.000586906
5055 0.000587239
5056 0.000587239
5057 0.000586941
5058 0.000586942
5059 0.000587238
5060 0.000587239
5061 0.000586941
5062 0.000586942
5063 0.000587238
5064 0.000587239
5065 0.00058694
5066 0.000586942
5067 0.000587238
5068 0.000587238
5069 0.00058694
5070 0.000586941
5071 0.000587238
5072 0.000587238
5073 0.000586941
5074 0.000586942
5075 0.000587237
5076 0.000587237
5077 0.00058694
5078 0.000586942
5079 0.000587237
5080 0.000587237
5081 0.00058694
5082 0.000586941
5083 0.000587236
5084 0.000587236
5085 0.000586939
5086 0.000586941
5087 0.000587236
5088 0.000587236
5089 0.000586939
5090 0.00058694
5091 0.000587235
5092 0.000587235
5093 0.000586901
5094 0.000587234
5095 0.000587235
5096 0.000586936
5097 0.000586937
5098 0.000587234
5099 0.000587234
5100 0.000586935
5101 0.000586936
5102 0.000587232
5103 0.000587233
5104 0.000586934
5105 0.000586935
5106 0.000587231
5107 0.000587231
5108 0.000586933
5109 0.000586934
5110 0.00058723
5111 0.000587229
5112 0.000586932
5113 0.000586933
5114 0.000587227
5115 0.000587227
5116 0.00058693
5117 0.00058693
5118 0.000587224
5119 0.000587224
5120 0.000586926
5121 0.000586926
5122 0.00058722
5123 0.000587219
5124 0.00058692
5125 0.00058692
5126 0.000587212
5127 0.00058721
5128 0.00058691
5129 0.000586906
5130 0.000587195
5131 0.000588329
5132 0.00058991
5133 0.000590551
5134 0.000590106
5135 0.000589404
5136 0.000588848
5137 0.0005884
5138 0.000587956
5139 0.00058749
5140 0.000586837
5141 0.000586693
5142 0.000586431
5143 0.00058574
5144 0.000585565
5145 0.000585364
5146 0.000585033
5147 0.000584839
5148 0.000584639
5149 0.000584498
5150 0.000584409
5151 0.000584386
5152 3.16228e+007
5153 2.84358e+007
5154 3.16228e+007
5155 2.75872e+007
5156 3.16228e+007
5157 2.42874e+007
5158 3.16228e+007
5159 2.43817e+007
5160 2.96614e+007
5161 3.16228e+007
5162 3.16228e+007
5163 3.16228e+007
5164 3.16228e+007
5165 2.84358e+007
5166 3.16228e+007
5167 3.16228e+007
5168 3.16228e+007
5169 3.16228e+007
5170 2.96614e+007
5171 3.16228e+007
5172 3.16228e+007
5173 3.16228e+007
5174 3.16228e+007
5175 2.42874e+007
5176 3.16228e+007
5177 2.75872e+007
5178 3.16228e+007
5179 3.16228e+007
5180 3.16228e+007
5181 3.16228e+007
5182 2.43817e+007
5183 3.16228e+007
