2624
0 0.00105699
1 0.00105694
2 0.00105696
3 0.00105699
4 0.00105692
5 0.00105696
6 0.00105685
7 0.00105687
8 0.00105707
9 0.001057
10 0.00105702
11 0.00105695
12 0.00105665
13 0.00105666
14 0.00105698
15 0.00105699
16 0.00105676
17 0.00105676
18 0.0010555
19 0.00105212
20 0.00104853
21 0.00104733
22 0.001047
23 0.00104667
24 0.00104667
25 0.001047
26 0.001047
27 0.00104667
28 0.00104667
29 0.001047
30 0.001047
31 0.00104667
32 0.00104667
33 0.001047
34 0.001047
35 0.00104667
36 0.00104667
37 0.001047
38 0.001047
39 0.00104667
40 0.00104667
41 0.001047
42 0.001047
43 0.00104667
44 0.00104667
45 0.001047
46 0.001047
47 0.00104667
48 0.00104667
49 0.001047
50 0.001047
51 0.00104667
52 0.00104667
53 0.001047
54 0.001047
55 0.00104667
56 0.00104667
57 0.001047
58 0.001047
59 0.001047
60 0.001047
61 0.001047
62 0.00104667
63 0.00104667
64 0.001047
65 0.001047
66 0.00104667
67 0.00104667
68 0.001047
69 0.001047
70 0.00104667
71 0.00104667
72 0.001047
73 0.001047
74 0.00104667
75 0.00104667
76 0.001047
77 0.001047
78 0.00104667
79 0.00104667
80 0.001047
81 0.001047
82 0.00104667
83 0.00104667
84 0.001047
85 0.001047
86 0.00104667
87 0.00104667
88 0.001047
89 0.001047
90 0.00104667
91 0.00104667
92 0.001047
93 0.001047
94 0.00104667
95 0.00104667
96 0.001047
97 0.001047
98 0.001047
99 0.001047
100 0.001047
101 0.00104667
102 0.00104667
103 0.001047
104 0.001047
105 0.00104667
106 0.00104667
107 0.001047
108 0.001047
109 0.00104667
110 0.00104667
111 0.001047
112 0.001047
113 0.00104667
114 0.00104667
115 0.001047
116 0.001047
117 0.00104667
118 0.00104667
119 0.001047
120 0.001047
121 0.00104667
122 0.00104667
123 0.001047
124 0.001047
125 0.00104667
126 0.00104667
127 0.001047
128 0.001047
129 0.00104667
130 0.00104667
131 0.001047
132 0.001047
133 0.00104667
134 0.00104667
135 0.001047
136 0.001047
137 0.001047
138 0.001047
139 0.001047
140 0.00104667
141 0.00104667
142 0.001047
143 0.001047
144 0.00104667
145 0.00104667
146 0.001047
147 0.001047
148 0.00104667
149 0.00104667
150 0.001047
151 0.001047
152 0.00104667
153 0.00104667
154 0.001047
155 0.001047
156 0.00104667
157 0.00104667
158 0.001047
159 0.001047
160 0.00104667
161 0.00104667
162 0.001047
163 0.001047
164 0.00104667
165 0.00104667
166 0.001047
167 0.001047
168 0.00104667
169 0.00104667
170 0.001047
171 0.001047
172 0.00104667
173 0.00104667
174 0.001047
175 0.001047
176 0.001047
177 0.001047
178 0.001047
179 0.00104667
180 0.00104667
181 0.001047
182 0.001047
183 0.00104667
184 0.00104667
185 0.001047
186 0.001047
187 0.00104667
188 0.00104667
189 0.001047
190 0.001047
191 0.00104667
192 0.00104667
193 0.001047
194 0.001047
195 0.00104667
196 0.00104667
197 0.001047
198 0.001047
199 0.00104667
200 0.00104667
201 0.001047
202 0.001047
203 0.00104667
204 0.00104667
205 0.001047
206 0.001047
207 0.00104667
208 0.00104667
209 0.001047
210 0.001047
211 0.00104667
212 0.00104667
213 0.001047
214 0.001047
215 0.001047
216 0.001047
217 0.001047
218 0.00104667
219 0.00104667
220 0.001047
221 0.001047
222 0.00104667
223 0.00104667
224 0.001047
225 0.001047
226 0.00104667
227 0.00104667
228 0.001047
229 0.001047
230 0.00104667
231 0.00104667
232 0.001047
233 0.001047
234 0.00104667
235 0.00104667
236 0.001047
237 0.001047
238 0.00104667
239 0.00104667
240 0.001047
241 0.001047
242 0.00104667
243 0.00104667
244 0.001047
245 0.001047
246 0.00104667
247 0.00104667
248 0.001047
249 0.001047
250 0.00104667
251 0.00104667
252 0.001047
253 0.001047
254 0.001047
255 0.001047
256 0.001047
257 0.00104667
258 0.00104667
259 0.001047
260 0.001047
261 0.00104667
262 0.00104667
263 0.001047
264 0.001047
265 0.00104667
266 0.00104667
267 0.001047
268 0.001047
269 0.00104667
270 0.00104667
271 0.001047
272 0.001047
273 0.00104667
274 0.00104667
275 0.001047
276 0.001047
277 0.00104667
278 0.00104667
279 0.001047
280 0.001047
281 0.00104667
282 0.00104667
283 0.001047
284 0.001047
285 0.00104667
286 0.00104667
287 0.001047
288 0.001047
289 0.00104667
290 0.00104667
291 0.001047
292 0.001047
293 0.001047
294 0.001047
295 0.001047
296 0.00104667
297 0.00104667
298 0.001047
299 0.001047
300 0.00104667
301 0.00104667
302 0.001047
303 0.001047
304 0.00104667
305 0.00104667
306 0.001047
307 0.001047
308 0.00104667
309 0.00104667
310 0.001047
311 0.001047
312 0.00104667
313 0.00104667
314 0.001047
315 0.001047
316 0.00104667
317 0.00104667
318 0.001047
319 0.001047
320 0.00104667
321 0.00104667
322 0.001047
323 0.001047
324 0.00104667
325 0.00104667
326 0.001047
327 0.001047
328 0.00104667
329 0.00104667
330 0.001047
331 0.001047
332 0.001047
333 0.001047
334 0.001047
335 0.00104667
336 0.00104667
337 0.001047
338 0.001047
339 0.00104667
340 0.00104667
341 0.001047
342 0.001047
343 0.00104667
344 0.00104667
345 0.001047
346 0.001047
347 0.00104667
348 0.00104667
349 0.001047
350 0.001047
351 0.00104667
352 0.00104667
353 0.001047
354 0.001047
355 0.00104667
356 0.00104667
357 0.001047
358 0.001047
359 0.00104667
360 0.00104667
361 0.001047
362 0.001047
363 0.00104667
364 0.00104667
365 0.001047
366 0.001047
367 0.00104667
368 0.00104667
369 0.001047
370 0.001047
371 0.001047
372 0.001047
373 0.001047
374 0.00104667
375 0.00104667
376 0.001047
377 0.001047
378 0.00104667
379 0.00104667
380 0.001047
381 0.001047
382 0.00104667
383 0.00104667
384 0.001047
385 0.001047
386 0.00104667
387 0.00104667
388 0.001047
389 0.001047
390 0.00104667
391 0.00104667
392 0.001047
393 0.001047
394 0.00104667
395 0.00104667
396 0.001047
397 0.001047
398 0.00104667
399 0.00104667
400 0.001047
401 0.001047
402 0.00104667
403 0.00104667
404 0.001047
405 0.001047
406 0.00104667
407 0.00104667
408 0.001047
409 0.001047
410 0.001047
411 0.001047
412 0.001047
413 0.00104667
414 0.00104667
415 0.001047
416 0.001047
417 0.00104667
418 0.00104667
419 0.001047
420 0.001047
421 0.00104667
422 0.00104667
423 0.001047
424 0.001047
425 0.00104667
426 0.00104667
427 0.001047
428 0.001047
429 0.00104667
430 0.00104667
431 0.001047
432 0.001047
433 0.00104667
434 0.00104667
435 0.001047
436 0.001047
437 0.00104667
438 0.00104667
439 0.001047
440 0.001047
441 0.00104667
442 0.00104667
443 0.001047
444 0.001047
445 0.00104667
446 0.00104667
447 0.001047
448 0.001047
449 0.001047
450 0.001047
451 0.001047
452 0.00104667
453 0.00104667
454 0.001047
455 0.001047
456 0.00104667
457 0.00104667
458 0.001047
459 0.001047
460 0.00104667
461 0.00104667
462 0.001047
463 0.001047
464 0.00104667
465 0.00104667
466 0.001047
467 0.001047
468 0.00104667
469 0.00104667
470 0.001047
471 0.001047
472 0.00104667
473 0.00104667
474 0.001047
475 0.001047
476 0.00104667
477 0.00104667
478 0.001047
479 0.001047
480 0.00104667
481 0.00104667
482 0.001047
483 0.001047
484 0.00104667
485 0.00104667
486 0.001047
487 0.001047
488 0.001047
489 0.001047
490 0.001047
491 0.00104667
492 0.00104667
493 0.001047
494 0.001047
495 0.00104667
496 0.00104667
497 0.001047
498 0.001047
499 0.00104667
500 0.00104667
501 0.001047
502 0.001047
503 0.00104667
504 0.00104667
505 0.001047
506 0.001047
507 0.00104667
508 0.00104667
509 0.001047
510 0.001047
511 0.00104667
512 0.00104667
513 0.001047
514 0.001047
515 0.0010468
516 0.0010468
517 0.00104703
518 0.001047
519 0.001047
520 0.00104703
521 0.001047
522 0.001047
523 0.001047
524 0.001047
525 0.001047
526 0.001047
527 0.00104703
528 0.001047
529 0.001047
530 0.001047
531 0.001047
532 0.001047
533 0.001047
534 0.00104703
535 0.001047
536 0.001047
537 0.001047
538 0.001047
539 0.001047
540 0.001047
541 0.001047
542 0.001047
543 0.00104703
544 0.001047
545 0.001047
546 0.001047
547 0.001047
548 0.001047
549 0.001047
550 0.00104703
551 0.001047
552 0.001047
553 0.001047
554 0.001047
555 0.001047
556 0.001047
557 0.001047
558 0.001047
559 0.00104703
560 0.001047
561 0.001047
562 0.001047
563 0.001047
564 0.001047
565 0.001047
566 0.00104703
567 0.001047
568 0.001047
569 0.001047
570 0.001047
571 0.001047
572 0.001047
573 0.00104703
574 0.001047
575 0.001047
576 0.001047
577 0.001047
578 0.001047
579 0.001047
580 0.001047
581 0.001047
582 0.00104703
583 0.001047
584 0.001047
585 0.001047
586 0.001047
587 0.001047
588 0.001047
589 0.00104703
590 0.001047
591 0.001047
592 0.001047
593 0.001047
594 0.001047
595 0.001047
596 0.001047
597 0.001047
598 0.00104703
599 0.001047
600 0.001047
601 0.001047
602 0.001047
603 0.001047
604 0.001047
605 0.00104703
606 0.001047
607 0.001047
608 0.001047
609 0.001047
610 0.001047
611 0.001047
612 0.00104703
613 0.001047
614 0.001047
615 0.001047
616 0.001047
617 0.001047
618 0.001047
619 0.001047
620 0.001047
621 0.00104703
622 0.001047
623 0.001047
624 0.001047
625 0.001047
626 0.001047
627 0.001047
628 0.00104703
629 0.001047
630 0.001047
631 0.001047
632 0.001047
633 0.001047
634 0.00104701
635 0.00104701
636 0.00104701
637 0.00104701
638 0.00104701
639 0.00104701
640 0.00104701
641 0.00104701
642 0.00104701
643 0.00104701
644 0.00104701
645 0.00104701
646 0.00104701
647 0.00104701
648 0.00104701
649 0.00104701
650 0.00104701
651 0.00104701
652 0.00104701
653 0.00104701
654 0.00104701
655 0.001047
656 0.001047
657 0.001047
658 0.001047
659 0.001047
660 0.00104703
661 0.001047
662 0.001047
663 0.001047
664 0.001047
665 0.001047
666 0.001047
667 0.00104703
668 0.001047
669 0.001047
670 0.001047
671 0.001047
672 0.001047
673 0.001047
674 0.001047
675 0.001047
676 0.00104703
677 0.001047
678 0.001047
679 0.001047
680 0.001047
681 0.001047
682 0.001047
683 0.00104703
684 0.001047
685 0.001047
686 0.001047
687 0.001047
688 0.001047
689 0.001047
690 0.00104703
691 0.001047
692 0.001047
693 0.001047
694 0.001047
695 0.001047
696 0.001047
697 0.001047
698 0.001047
699 0.00104703
700 0.001047
701 0.001047
702 0.001047
703 0.001047
704 0.001047
705 0.001047
706 0.00104703
707 0.001047
708 0.001047
709 0.001047
710 0.001047
711 0.001047
712 0.001047
713 0.001047
714 0.001047
715 0.00104703
716 0.001047
717 0.001047
718 0.001047
719 0.001047
720 0.001047
721 0.001047
722 0.00104703
723 0.001047
724 0.001047
725 0.001047
726 0.001047
727 0.001047
728 0.001047
729 0.00104703
730 0.001047
731 0.001047
732 0.001047
733 0.001047
734 0.001047
735 0.001047
736 0.001047
737 0.001047
738 0.00104703
739 0.001047
740 0.001047
741 0.001047
742 0.001047
743 0.001047
744 0.001047
745 0.00104703
746 0.001047
747 0.001047
748 0.001047
749 0.001047
750 0.001047
751 0.001047
752 0.001047
753 0.001047
754 0.00104703
755 0.001047
756 0.001047
757 0.001047
758 0.001047
759 0.001047
760 0.001047
761 0.00104703
762 0.001047
763 0.001047
764 0.001047
765 0.001047
766 0.001047
767 0.001047
768 0.00104703
769 0.001047
770 0.001047
771 0.00104703
772 0.0010468
773 0.0010468
774 0.001047
775 0.001047
776 0.00104667
777 0.00104667
778 0.001047
779 0.001047
780 0.00104667
781 0.00104667
782 0.001047
783 0.001047
784 0.00104667
785 0.00104667
786 0.001047
787 0.001047
788 0.00104667
789 0.00104667
790 0.001047
791 0.001047
792 0.00104667
793 0.00104667
794 0.001047
795 0.001047
796 0.00104667
797 0.00104667
798 0.001047
799 0.001047
800 0.001047
801 0.001047
802 0.001047
803 0.00104667
804 0.00104667
805 0.001047
806 0.001047
807 0.00104667
808 0.00104667
809 0.001047
810 0.001047
811 0.00104667
812 0.00104667
813 0.001047
814 0.001047
815 0.00104667
816 0.00104667
817 0.001047
818 0.001047
819 0.00104667
820 0.00104667
821 0.001047
822 0.001047
823 0.00104667
824 0.00104667
825 0.001047
826 0.001047
827 0.00104667
828 0.00104667
829 0.001047
830 0.001047
831 0.00104667
832 0.00104667
833 0.001047
834 0.001047
835 0.00104667
836 0.00104667
837 0.001047
838 0.001047
839 0.001047
840 0.001047
841 0.001047
842 0.00104667
843 0.00104667
844 0.001047
845 0.001047
846 0.00104667
847 0.00104667
848 0.001047
849 0.001047
850 0.00104667
851 0.00104667
852 0.001047
853 0.001047
854 0.00104667
855 0.00104667
856 0.001047
857 0.001047
858 0.00104667
859 0.00104667
860 0.001047
861 0.001047
862 0.00104667
863 0.00104667
864 0.001047
865 0.001047
866 0.00104667
867 0.00104667
868 0.001047
869 0.001047
870 0.00104667
871 0.00104667
872 0.001047
873 0.001047
874 0.00104667
875 0.00104667
876 0.001047
877 0.001047
878 0.001047
879 0.001047
880 0.001047
881 0.00104667
882 0.00104667
883 0.001047
884 0.001047
885 0.00104667
886 0.00104667
887 0.001047
888 0.001047
889 0.00104667
890 0.00104667
891 0.001047
892 0.001047
893 0.00104667
894 0.00104667
895 0.001047
896 0.001047
897 0.00104667
898 0.00104667
899 0.001047
900 0.001047
901 0.00104667
902 0.00104667
903 0.001047
904 0.001047
905 0.00104667
906 0.00104667
907 0.001047
908 0.001047
909 0.00104667
910 0.00104667
911 0.001047
912 0.001047
913 0.00104667
914 0.00104667
915 0.001047
916 0.001047
917 0.001047
918 0.001047
919 0.001047
920 0.00104667
921 0.00104667
922 0.001047
923 0.001047
924 0.00104667
925 0.00104667
926 0.001047
927 0.001047
928 0.00104667
929 0.00104667
930 0.001047
931 0.001047
932 0.00104667
933 0.00104667
934 0.001047
935 0.001047
936 0.00104667
937 0.00104667
938 0.001047
939 0.001047
940 0.00104667
941 0.00104667
942 0.001047
943 0.001047
944 0.00104667
945 0.00104667
946 0.001047
947 0.001047
948 0.00104667
949 0.00104667
950 0.001047
951 0.001047
952 0.00104667
953 0.00104667
954 0.001047
955 0.001047
956 0.001047
957 0.001047
958 0.001047
959 0.00104667
960 0.00104667
961 0.001047
962 0.001047
963 0.00104667
964 0.00104667
965 0.001047
966 0.001047
967 0.00104667
968 0.00104667
969 0.001047
970 0.001047
971 0.00104667
972 0.00104667
973 0.001047
974 0.001047
975 0.00104667
976 0.00104667
977 0.001047
978 0.001047
979 0.00104667
980 0.00104667
981 0.001047
982 0.001047
983 0.00104667
984 0.00104667
985 0.001047
986 0.001047
987 0.00104667
988 0.00104667
989 0.001047
990 0.001047
991 0.00104667
992 0.00104667
993 0.001047
994 0.001047
995 0.001047
996 0.001047
997 0.001047
998 0.00104667
999 0.00104667
1000 0.001047
1001 0.001047
1002 0.00104667
1003 0.00104667
1004 0.001047
1005 0.001047
1006 0.00104667
1007 0.00104667
1008 0.001047
1009 0.001047
1010 0.00104667
1011 0.00104667
1012 0.001047
1013 0.001047
1014 0.00104667
1015 0.00104667
1016 0.001047
1017 0.001047
1018 0.00104667
1019 0.00104667
1020 0.001047
1021 0.001047
1022 0.00104667
1023 0.00104667
1024 0.001047
1025 0.001047
1026 0.00104667
1027 0.00104667
1028 0.001047
1029 0.001047
1030 0.00104667
1031 0.00104667
1032 0.001047
1033 0.001047
1034 0.001047
1035 0.001047
1036 0.001047
1037 0.00104667
1038 0.00104667
1039 0.001047
1040 0.001047
1041 0.00104667
1042 0.00104667
1043 0.001047
1044 0.001047
1045 0.00104667
1046 0.00104667
1047 0.001047
1048 0.001047
1049 0.00104667
1050 0.00104667
1051 0.001047
1052 0.001047
1053 0.00104667
1054 0.00104667
1055 0.001047
1056 0.001047
1057 0.00104667
1058 0.00104667
1059 0.001047
1060 0.001047
1061 0.00104667
1062 0.00104667
1063 0.001047
1064 0.001047
1065 0.00104667
1066 0.00104667
1067 0.001047
1068 0.001047
1069 0.00104667
1070 0.00104667
1071 0.001047
1072 0.001047
1073 0.001047
1074 0.001047
1075 0.001047
1076 0.00104667
1077 0.00104667
1078 0.001047
1079 0.001047
1080 0.00104667
1081 0.00104667
1082 0.001047
1083 0.001047
1084 0.00104667
1085 0.00104667
1086 0.001047
1087 0.001047
1088 0.00104667
1089 0.00104667
1090 0.001047
1091 0.001047
1092 0.00104667
1093 0.00104667
1094 0.001047
1095 0.001047
1096 0.00104667
1097 0.00104667
1098 0.001047
1099 0.001047
1100 0.00104667
1101 0.00104667
1102 0.001047
1103 0.001047
1104 0.00104667
1105 0.00104667
1106 0.001047
1107 0.001047
1108 0.00104667
1109 0.00104667
1110 0.001047
1111 0.001047
1112 0.001047
1113 0.001047
1114 0.001047
1115 0.00104667
1116 0.00104667
1117 0.001047
1118 0.001047
1119 0.00104667
1120 0.00104667
1121 0.001047
1122 0.001047
1123 0.00104667
1124 0.00104667
1125 0.001047
1126 0.001047
1127 0.00104667
1128 0.00104667
1129 0.001047
1130 0.001047
1131 0.00104667
1132 0.00104667
1133 0.001047
1134 0.001047
1135 0.00104667
1136 0.00104667
1137 0.001047
1138 0.001047
1139 0.00104667
1140 0.00104667
1141 0.001047
1142 0.001047
1143 0.00104667
1144 0.00104667
1145 0.001047
1146 0.001047
1147 0.00104667
1148 0.00104667
1149 0.001047
1150 0.001047
1151 0.001047
1152 0.001047
1153 0.001047
1154 0.00104667
1155 0.00104667
1156 0.001047
1157 0.001047
1158 0.00104667
1159 0.00104667
1160 0.001047
1161 0.001047
1162 0.00104667
1163 0.00104667
1164 0.001047
1165 0.001047
1166 0.00104667
1167 0.00104667
1168 0.001047
1169 0.001047
1170 0.00104667
1171 0.00104667
1172 0.001047
1173 0.001047
1174 0.00104667
1175 0.00104667
1176 0.001047
1177 0.001047
1178 0.00104667
1179 0.00104667
1180 0.001047
1181 0.001047
1182 0.00104667
1183 0.00104667
1184 0.001047
1185 0.001047
1186 0.00104667
1187 0.00104667
1188 0.001047
1189 0.001047
1190 0.001047
1191 0.001047
1192 0.001047
1193 0.00104667
1194 0.00104667
1195 0.001047
1196 0.001047
1197 0.00104667
1198 0.00104667
1199 0.001047
1200 0.001047
1201 0.00104667
1202 0.00104667
1203 0.001047
1204 0.001047
1205 0.00104667
1206 0.00104667
1207 0.001047
1208 0.001047
1209 0.00104667
1210 0.00104667
1211 0.001047
1212 0.001047
1213 0.00104667
1214 0.00104667
1215 0.001047
1216 0.001047
1217 0.00104667
1218 0.00104667
1219 0.001047
1220 0.001047
1221 0.00104667
1222 0.00104667
1223 0.001047
1224 0.001047
1225 0.00104667
1226 0.00104667
1227 0.001047
1228 0.001047
1229 0.001047
1230 0.001047
1231 0.001047
1232 0.00104667
1233 0.00104667
1234 0.001047
1235 0.001047
1236 0.00104667
1237 0.00104667
1238 0.001047
1239 0.001047
1240 0.00104667
1241 0.00104667
1242 0.001047
1243 0.001047
1244 0.00104667
1245 0.00104667
1246 0.001047
1247 0.001047
1248 0.00104667
1249 0.00104667
1250 0.001047
1251 0.001047
1252 0.00104667
1253 0.00104667
1254 0.001047
1255 0.001047
1256 0.00104667
1257 0.00104667
1258 0.001047
1259 0.001047
1260 0.00104667
1261 0.00104667
1262 0.001047
1263 0.001047
1264 0.00104667
1265 0.00104667
1266 0.001047
1267 0.00104867
1268 0.00105221
1269 0.00105582
1270 0.00105725
1271 0.00105697
1272 0.00105695
1273 0.00105695
1274 0.00105703
1275 0.00105677
1276 0.00105677
1277 0.00105682
1278 0.001057
1279 0.0010568
1280 0.00105678
1281 0.00105706
1282 0.00105699
1283 0.00105698
1284 0.00105693
1285 0.00105694
1286 0.00105693
1287 0.00105697
1288 0.00105699
1289 0.00105694
1290 0.00105696
1291 0.00105699
1292 0.00105692
1293 0.00105696
1294 0.00105685
1295 0.00105687
1296 0.00105707
1297 0.001057
1298 0.00105702
1299 0.00105695
1300 0.00105665
1301 0.00105666
1302 0.00105698
1303 0.00105699
1304 0.00105676
1305 0.00105676
1306 0.0010555
1307 0.00105212
1308 0.00104853
1309 0.00104733
1310 0.001047
1311 0.00104667
1312 0.00104667
1313 0.001047
1314 0.001047
1315 0.00104667
1316 0.00104667
1317 0.001047
1318 0.001047
1319 0.00104667
1320 0.00104667
1321 0.001047
1322 0.001047
1323 0.00104667
1324 0.00104667
1325 0.001047
1326 0.001047
1327 0.00104667
1328 0.00104667
1329 0.001047
1330 0.001047
1331 0.00104667
1332 0.00104667
1333 0.001047
1334 0.001047
1335 0.00104667
1336 0.00104667
1337 0.001047
1338 0.001047
1339 0.00104667
1340 0.00104667
1341 0.001047
1342 0.001047
1343 0.00104667
1344 0.00104667
1345 0.001047
1346 0.001047
1347 0.001047
1348 0.001047
1349 0.001047
1350 0.00104667
1351 0.00104667
1352 0.001047
1353 0.001047
1354 0.00104667
1355 0.00104667
1356 0.001047
1357 0.001047
1358 0.00104667
1359 0.00104667
1360 0.001047
1361 0.001047
1362 0.00104667
1363 0.00104667
1364 0.001047
1365 0.001047
1366 0.00104667
1367 0.00104667
1368 0.001047
1369 0.001047
1370 0.00104667
1371 0.00104667
1372 0.001047
1373 0.001047
1374 0.00104667
1375 0.00104667
1376 0.001047
1377 0.001047
1378 0.00104667
1379 0.00104667
1380 0.001047
1381 0.001047
1382 0.00104667
1383 0.00104667
1384 0.001047
1385 0.001047
1386 0.001047
1387 0.001047
1388 0.001047
1389 0.00104667
1390 0.00104667
1391 0.001047
1392 0.001047
1393 0.00104667
1394 0.00104667
1395 0.001047
1396 0.001047
1397 0.00104667
1398 0.00104667
1399 0.001047
1400 0.001047
1401 0.00104667
1402 0.00104667
1403 0.001047
1404 0.001047
1405 0.00104667
1406 0.00104667
1407 0.001047
1408 0.001047
1409 0.00104667
1410 0.00104667
1411 0.001047
1412 0.001047
1413 0.00104667
1414 0.00104667
1415 0.001047
1416 0.001047
1417 0.00104667
1418 0.00104667
1419 0.001047
1420 0.001047
1421 0.00104667
1422 0.00104667
1423 0.001047
1424 0.001047
1425 0.001047
1426 0.001047
1427 0.001047
1428 0.00104667
1429 0.00104667
1430 0.001047
1431 0.001047
1432 0.00104667
1433 0.00104667
1434 0.001047
1435 0.001047
1436 0.00104667
1437 0.00104667
1438 0.001047
1439 0.001047
1440 0.00104667
1441 0.00104667
1442 0.001047
1443 0.001047
1444 0.00104667
1445 0.00104667
1446 0.001047
1447 0.001047
1448 0.00104667
1449 0.00104667
1450 0.001047
1451 0.001047
1452 0.00104667
1453 0.00104667
1454 0.001047
1455 0.001047
1456 0.00104667
1457 0.00104667
1458 0.001047
1459 0.001047
1460 0.00104667
1461 0.00104667
1462 0.001047
1463 0.001047
1464 0.001047
1465 0.001047
1466 0.001047
1467 0.00104667
1468 0.00104667
1469 0.001047
1470 0.001047
1471 0.00104667
1472 0.00104667
1473 0.001047
1474 0.001047
1475 0.00104667
1476 0.00104667
1477 0.001047
1478 0.001047
1479 0.00104667
1480 0.00104667
1481 0.001047
1482 0.001047
1483 0.00104667
1484 0.00104667
1485 0.001047
1486 0.001047
1487 0.00104667
1488 0.00104667
1489 0.001047
1490 0.001047
1491 0.00104667
1492 0.00104667
1493 0.001047
1494 0.001047
1495 0.00104667
1496 0.00104667
1497 0.001047
1498 0.001047
1499 0.00104667
1500 0.00104667
1501 0.001047
1502 0.001047
1503 0.001047
1504 0.001047
1505 0.001047
1506 0.00104667
1507 0.00104667
1508 0.001047
1509 0.001047
1510 0.00104667
1511 0.00104667
1512 0.001047
1513 0.001047
1514 0.00104667
1515 0.00104667
1516 0.001047
1517 0.001047
1518 0.00104667
1519 0.00104667
1520 0.001047
1521 0.001047
1522 0.00104667
1523 0.00104667
1524 0.001047
1525 0.001047
1526 0.00104667
1527 0.00104667
1528 0.001047
1529 0.001047
1530 0.00104667
1531 0.00104667
1532 0.001047
1533 0.001047
1534 0.00104667
1535 0.00104667
1536 0.001047
1537 0.001047
1538 0.00104667
1539 0.00104667
1540 0.001047
1541 0.001047
1542 0.001047
1543 0.001047
1544 0.001047
1545 0.00104667
1546 0.00104667
1547 0.001047
1548 0.001047
1549 0.00104667
1550 0.00104667
1551 0.001047
1552 0.001047
1553 0.00104667
1554 0.00104667
1555 0.001047
1556 0.001047
1557 0.00104667
1558 0.00104667
1559 0.001047
1560 0.001047
1561 0.00104667
1562 0.00104667
1563 0.001047
1564 0.001047
1565 0.00104667
1566 0.00104667
1567 0.001047
1568 0.001047
1569 0.00104667
1570 0.00104667
1571 0.001047
1572 0.001047
1573 0.00104667
1574 0.00104667
1575 0.001047
1576 0.001047
1577 0.00104667
1578 0.00104667
1579 0.001047
1580 0.001047
1581 0.001047
1582 0.001047
1583 0.001047
1584 0.00104667
1585 0.00104667
1586 0.001047
1587 0.001047
1588 0.00104667
1589 0.00104667
1590 0.001047
1591 0.001047
1592 0.00104667
1593 0.00104667
1594 0.001047
1595 0.001047
1596 0.00104667
1597 0.00104667
1598 0.001047
1599 0.001047
1600 0.00104667
1601 0.00104667
1602 0.001047
1603 0.001047
1604 0.00104667
1605 0.00104667
1606 0.001047
1607 0.001047
1608 0.00104667
1609 0.00104667
1610 0.001047
1611 0.001047
1612 0.00104667
1613 0.00104667
1614 0.001047
1615 0.001047
1616 0.00104667
1617 0.00104667
1618 0.001047
1619 0.001047
1620 0.001047
1621 0.001047
1622 0.001047
1623 0.00104667
1624 0.00104667
1625 0.001047
1626 0.001047
1627 0.00104667
1628 0.00104667
1629 0.001047
1630 0.001047
1631 0.00104667
1632 0.00104667
1633 0.001047
1634 0.001047
1635 0.00104667
1636 0.00104667
1637 0.001047
1638 0.001047
1639 0.00104667
1640 0.00104667
1641 0.001047
1642 0.001047
1643 0.00104667
1644 0.00104667
1645 0.001047
1646 0.001047
1647 0.00104667
1648 0.00104667
1649 0.001047
1650 0.001047
1651 0.00104667
1652 0.00104667
1653 0.001047
1654 0.001047
1655 0.00104667
1656 0.00104667
1657 0.001047
1658 0.001047
1659 0.001047
1660 0.001047
1661 0.001047
1662 0.00104667
1663 0.00104667
1664 0.001047
1665 0.001047
1666 0.00104667
1667 0.00104667
1668 0.001047
1669 0.001047
1670 0.00104667
1671 0.00104667
1672 0.001047
1673 0.001047
1674 0.00104667
1675 0.00104667
1676 0.001047
1677 0.001047
1678 0.00104667
1679 0.00104667
1680 0.001047
1681 0.001047
1682 0.00104667
1683 0.00104667
1684 0.001047
1685 0.001047
1686 0.00104667
1687 0.00104667
1688 0.001047
1689 0.001047
1690 0.00104667
1691 0.00104667
1692 0.001047
1693 0.001047
1694 0.00104667
1695 0.00104667
1696 0.001047
1697 0.001047
1698 0.001047
1699 0.001047
1700 0.001047
1701 0.00104667
1702 0.00104667
1703 0.001047
1704 0.001047
1705 0.00104667
1706 0.00104667
1707 0.001047
1708 0.001047
1709 0.00104667
1710 0.00104667
1711 0.001047
1712 0.001047
1713 0.00104667
1714 0.00104667
1715 0.001047
1716 0.001047
1717 0.00104667
1718 0.00104667
1719 0.001047
1720 0.001047
1721 0.00104667
1722 0.00104667
1723 0.001047
1724 0.001047
1725 0.00104667
1726 0.00104667
1727 0.001047
1728 0.001047
1729 0.00104667
1730 0.00104667
1731 0.001047
1732 0.001047
1733 0.00104667
1734 0.00104667
1735 0.001047
1736 0.001047
1737 0.001047
1738 0.001047
1739 0.001047
1740 0.00104667
1741 0.00104667
1742 0.001047
1743 0.001047
1744 0.00104667
1745 0.00104667
1746 0.001047
1747 0.001047
1748 0.00104667
1749 0.00104667
1750 0.001047
1751 0.001047
1752 0.00104667
1753 0.00104667
1754 0.001047
1755 0.001047
1756 0.00104667
1757 0.00104667
1758 0.001047
1759 0.001047
1760 0.00104667
1761 0.00104667
1762 0.001047
1763 0.001047
1764 0.00104667
1765 0.00104667
1766 0.001047
1767 0.001047
1768 0.00104667
1769 0.00104667
1770 0.001047
1771 0.001047
1772 0.00104667
1773 0.00104667
1774 0.001047
1775 0.001047
1776 0.001047
1777 0.001047
1778 0.001047
1779 0.00104667
1780 0.00104667
1781 0.001047
1782 0.001047
1783 0.00104667
1784 0.00104667
1785 0.001047
1786 0.001047
1787 0.00104667
1788 0.00104667
1789 0.001047
1790 0.001047
1791 0.00104667
1792 0.00104667
1793 0.001047
1794 0.001047
1795 0.00104667
1796 0.00104667
1797 0.001047
1798 0.001047
1799 0.00104667
1800 0.00104667
1801 0.001047
1802 0.001047
1803 0.0010468
1804 0.0010468
1805 0.00104703
1806 0.001047
1807 0.001047
1808 0.00104703
1809 0.001047
1810 0.001047
1811 0.001047
1812 0.001047
1813 0.001047
1814 0.001047
1815 0.00104703
1816 0.001047
1817 0.001047
1818 0.001047
1819 0.001047
1820 0.001047
1821 0.001047
1822 0.00104703
1823 0.001047
1824 0.001047
1825 0.001047
1826 0.001047
1827 0.001047
1828 0.001047
1829 0.001047
1830 0.001047
1831 0.00104703
1832 0.001047
1833 0.001047
1834 0.001047
1835 0.001047
1836 0.001047
1837 0.001047
1838 0.00104703
1839 0.001047
1840 0.001047
1841 0.001047
1842 0.001047
1843 0.001047
1844 0.001047
1845 0.001047
1846 0.001047
1847 0.00104703
1848 0.001047
1849 0.001047
1850 0.001047
1851 0.001047
1852 0.001047
1853 0.001047
1854 0.00104703
1855 0.001047
1856 0.001047
1857 0.001047
1858 0.001047
1859 0.001047
1860 0.001047
1861 0.00104703
1862 0.001047
1863 0.001047
1864 0.001047
1865 0.001047
1866 0.001047
1867 0.001047
1868 0.001047
1869 0.001047
1870 0.00104703
1871 0.001047
1872 0.001047
1873 0.001047
1874 0.001047
1875 0.001047
1876 0.001047
1877 0.00104703
1878 0.001047
1879 0.001047
1880 0.001047
1881 0.001047
1882 0.001047
1883 0.001047
1884 0.001047
1885 0.001047
1886 0.00104703
1887 0.001047
1888 0.001047
1889 0.001047
1890 0.001047
1891 0.001047
1892 0.001047
1893 0.00104703
1894 0.001047
1895 0.001047
1896 0.001047
1897 0.001047
1898 0.001047
1899 0.001047
1900 0.00104703
1901 0.001047
1902 0.001047
1903 0.001047
1904 0.001047
1905 0.001047
1906 0.001047
1907 0.001047
1908 0.001047
1909 0.00104703
1910 0.001047
1911 0.001047
1912 0.001047
1913 0.001047
1914 0.001047
1915 0.001047
1916 0.00104703
1917 0.001047
1918 0.001047
1919 0.001047
1920 0.001047
1921 0.001047
1922 0.00104701
1923 0.00104701
1924 0.00104701
1925 0.00104701
1926 0.00104701
1927 0.00104701
1928 0.00104701
1929 0.00104701
1930 0.00104701
1931 0.00104701
1932 0.00104701
1933 0.00104701
1934 0.00104701
1935 0.00104701
1936 0.00104701
1937 0.00104701
1938 0.00104701
1939 0.00104701
1940 0.00104701
1941 0.00104701
1942 0.00104701
1943 0.001047
1944 0.001047
1945 0.001047
1946 0.001047
1947 0.001047
1948 0.00104703
1949 0.001047
1950 0.001047
1951 0.001047
1952 0.001047
1953 0.001047
1954 0.001047
1955 0.00104703
1956 0.001047
1957 0.001047
1958 0.001047
1959 0.001047
1960 0.001047
1961 0.001047
1962 0.001047
1963 0.001047
1964 0.00104703
1965 0.001047
1966 0.001047
1967 0.001047
1968 0.001047
1969 0.001047
1970 0.001047
1971 0.00104703
1972 0.001047
1973 0.001047
1974 0.001047
1975 0.001047
1976 0.001047
1977 0.001047
1978 0.00104703
1979 0.001047
1980 0.001047
1981 0.001047
1982 0.001047
1983 0.001047
1984 0.001047
1985 0.001047
1986 0.001047
1987 0.00104703
1988 0.001047
1989 0.001047
1990 0.001047
1991 0.001047
1992 0.001047
1993 0.001047
1994 0.00104703
1995 0.001047
1996 0.001047
1997 0.001047
1998 0.001047
1999 0.001047
2000 0.001047
2001 0.001047
2002 0.001047
2003 0.00104703
2004 0.001047
2005 0.001047
2006 0.001047
2007 0.001047
2008 0.001047
2009 0.001047
2010 0.00104703
2011 0.001047
2012 0.001047
2013 0.001047
2014 0.001047
2015 0.001047
2016 0.001047
2017 0.00104703
2018 0.001047
2019 0.001047
2020 0.001047
2021 0.001047
2022 0.001047
2023 0.001047
2024 0.001047
2025 0.001047
2026 0.00104703
2027 0.001047
2028 0.001047
2029 0.001047
2030 0.001047
2031 0.001047
2032 0.001047
2033 0.00104703
2034 0.001047
2035 0.001047
2036 0.001047
2037 0.001047
2038 0.001047
2039 0.001047
2040 0.001047
2041 0.001047
2042 0.00104703
2043 0.001047
2044 0.001047
2045 0.001047
2046 0.001047
2047 0.001047
2048 0.001047
2049 0.00104703
2050 0.001047
2051 0.001047
2052 0.001047
2053 0.001047
2054 0.001047
2055 0.001047
2056 0.00104703
2057 0.001047
2058 0.001047
2059 0.00104703
2060 0.0010468
2061 0.0010468
2062 0.001047
2063 0.001047
2064 0.00104667
2065 0.00104667
2066 0.001047
2067 0.001047
2068 0.00104667
2069 0.00104667
2070 0.001047
2071 0.001047
2072 0.00104667
2073 0.00104667
2074 0.001047
2075 0.001047
2076 0.00104667
2077 0.00104667
2078 0.001047
2079 0.001047
2080 0.00104667
2081 0.00104667
2082 0.001047
2083 0.001047
2084 0.00104667
2085 0.00104667
2086 0.001047
2087 0.001047
2088 0.001047
2089 0.001047
2090 0.001047
2091 0.00104667
2092 0.00104667
2093 0.001047
2094 0.001047
2095 0.00104667
2096 0.00104667
2097 0.001047
2098 0.001047
2099 0.00104667
2100 0.00104667
2101 0.001047
2102 0.001047
2103 0.00104667
2104 0.00104667
2105 0.001047
2106 0.001047
2107 0.00104667
2108 0.00104667
2109 0.001047
2110 0.001047
2111 0.00104667
2112 0.00104667
2113 0.001047
2114 0.001047
2115 0.00104667
2116 0.00104667
2117 0.001047
2118 0.001047
2119 0.00104667
2120 0.00104667
2121 0.001047
2122 0.001047
2123 0.00104667
2124 0.00104667
2125 0.001047
2126 0.001047
2127 0.001047
2128 0.001047
2129 0.001047
2130 0.00104667
2131 0.00104667
2132 0.001047
2133 0.001047
2134 0.00104667
2135 0.00104667
2136 0.001047
2137 0.001047
2138 0.00104667
2139 0.00104667
2140 0.001047
2141 0.001047
2142 0.00104667
2143 0.00104667
2144 0.001047
2145 0.001047
2146 0.00104667
2147 0.00104667
2148 0.001047
2149 0.001047
2150 0.00104667
2151 0.00104667
2152 0.001047
2153 0.001047
2154 0.00104667
2155 0.00104667
2156 0.001047
2157 0.001047
2158 0.00104667
2159 0.00104667
2160 0.001047
2161 0.001047
2162 0.00104667
2163 0.00104667
2164 0.001047
2165 0.001047
2166 0.001047
2167 0.001047
2168 0.001047
2169 0.00104667
2170 0.00104667
2171 0.001047
2172 0.001047
2173 0.00104667
2174 0.00104667
2175 0.001047
2176 0.001047
2177 0.00104667
2178 0.00104667
2179 0.001047
2180 0.001047
2181 0.00104667
2182 0.00104667
2183 0.001047
2184 0.001047
2185 0.00104667
2186 0.00104667
2187 0.001047
2188 0.001047
2189 0.00104667
2190 0.00104667
2191 0.001047
2192 0.001047
2193 0.00104667
2194 0.00104667
2195 0.001047
2196 0.001047
2197 0.00104667
2198 0.00104667
2199 0.001047
2200 0.001047
2201 0.00104667
2202 0.00104667
2203 0.001047
2204 0.001047
2205 0.001047
2206 0.001047
2207 0.001047
2208 0.00104667
2209 0.00104667
2210 0.001047
2211 0.001047
2212 0.00104667
2213 0.00104667
2214 0.001047
2215 0.001047
2216 0.00104667
2217 0.00104667
2218 0.001047
2219 0.001047
2220 0.00104667
2221 0.00104667
2222 0.001047
2223 0.001047
2224 0.00104667
2225 0.00104667
2226 0.001047
2227 0.001047
2228 0.00104667
2229 0.00104667
2230 0.001047
2231 0.001047
2232 0.00104667
2233 0.00104667
2234 0.001047
2235 0.001047
2236 0.00104667
2237 0.00104667
2238 0.001047
2239 0.001047
2240 0.00104667
2241 0.00104667
2242 0.001047
2243 0.001047
2244 0.001047
2245 0.001047
2246 0.001047
2247 0.00104667
2248 0.00104667
2249 0.001047
2250 0.001047
2251 0.00104667
2252 0.00104667
2253 0.001047
2254 0.001047
2255 0.00104667
2256 0.00104667
2257 0.001047
2258 0.001047
2259 0.00104667
2260 0.00104667
2261 0.001047
2262 0.001047
2263 0.00104667
2264 0.00104667
2265 0.001047
2266 0.001047
2267 0.00104667
2268 0.00104667
2269 0.001047
2270 0.001047
2271 0.00104667
2272 0.00104667
2273 0.001047
2274 0.001047
2275 0.00104667
2276 0.00104667
2277 0.001047
2278 0.001047
2279 0.00104667
2280 0.00104667
2281 0.001047
2282 0.001047
2283 0.001047
2284 0.001047
2285 0.001047
2286 0.00104667
2287 0.00104667
2288 0.001047
2289 0.001047
2290 0.00104667
2291 0.00104667
2292 0.001047
2293 0.001047
2294 0.00104667
2295 0.00104667
2296 0.001047
2297 0.001047
2298 0.00104667
2299 0.00104667
2300 0.001047
2301 0.001047
2302 0.00104667
2303 0.00104667
2304 0.001047
2305 0.001047
2306 0.00104667
2307 0.00104667
2308 0.001047
2309 0.001047
2310 0.00104667
2311 0.00104667
2312 0.001047
2313 0.001047
2314 0.00104667
2315 0.00104667
2316 0.001047
2317 0.001047
2318 0.00104667
2319 0.00104667
2320 0.001047
2321 0.001047
2322 0.001047
2323 0.001047
2324 0.001047
2325 0.00104667
2326 0.00104667
2327 0.001047
2328 0.001047
2329 0.00104667
2330 0.00104667
2331 0.001047
2332 0.001047
2333 0.00104667
2334 0.00104667
2335 0.001047
2336 0.001047
2337 0.00104667
2338 0.00104667
2339 0.001047
2340 0.001047
2341 0.00104667
2342 0.00104667
2343 0.001047
2344 0.001047
2345 0.00104667
2346 0.00104667
2347 0.001047
2348 0.001047
2349 0.00104667
2350 0.00104667
2351 0.001047
2352 0.001047
2353 0.00104667
2354 0.00104667
2355 0.001047
2356 0.001047
2357 0.00104667
2358 0.00104667
2359 0.001047
2360 0.001047
2361 0.001047
2362 0.001047
2363 0.001047
2364 0.00104667
2365 0.00104667
2366 0.001047
2367 0.001047
2368 0.00104667
2369 0.00104667
2370 0.001047
2371 0.001047
2372 0.00104667
2373 0.00104667
2374 0.001047
2375 0.001047
2376 0.00104667
2377 0.00104667
2378 0.001047
2379 0.001047
2380 0.00104667
2381 0.00104667
2382 0.001047
2383 0.001047
2384 0.00104667
2385 0.00104667
2386 0.001047
2387 0.001047
2388 0.00104667
2389 0.00104667
2390 0.001047
2391 0.001047
2392 0.00104667
2393 0.00104667
2394 0.001047
2395 0.001047
2396 0.00104667
2397 0.00104667
2398 0.001047
2399 0.001047
2400 0.001047
2401 0.001047
2402 0.001047
2403 0.00104667
2404 0.00104667
2405 0.001047
2406 0.001047
2407 0.00104667
2408 0.00104667
2409 0.001047
2410 0.001047
2411 0.00104667
2412 0.00104667
2413 0.001047
2414 0.001047
2415 0.00104667
2416 0.00104667
2417 0.001047
2418 0.001047
2419 0.00104667
2420 0.00104667
2421 0.001047
2422 0.001047
2423 0.00104667
2424 0.00104667
2425 0.001047
2426 0.001047
2427 0.00104667
2428 0.00104667
2429 0.001047
2430 0.001047
2431 0.00104667
2432 0.00104667
2433 0.001047
2434 0.001047
2435 0.00104667
2436 0.00104667
2437 0.001047
2438 0.001047
2439 0.001047
2440 0.001047
2441 0.001047
2442 0.00104667
2443 0.00104667
2444 0.001047
2445 0.001047
2446 0.00104667
2447 0.00104667
2448 0.001047
2449 0.001047
2450 0.00104667
2451 0.00104667
2452 0.001047
2453 0.001047
2454 0.00104667
2455 0.00104667
2456 0.001047
2457 0.001047
2458 0.00104667
2459 0.00104667
2460 0.001047
2461 0.001047
2462 0.00104667
2463 0.00104667
2464 0.001047
2465 0.001047
2466 0.00104667
2467 0.00104667
2468 0.001047
2469 0.001047
2470 0.00104667
2471 0.00104667
2472 0.001047
2473 0.001047
2474 0.00104667
2475 0.00104667
2476 0.001047
2477 0.001047
2478 0.001047
2479 0.001047
2480 0.001047
2481 0.00104667
2482 0.00104667
2483 0.001047
2484 0.001047
2485 0.00104667
2486 0.00104667
2487 0.001047
2488 0.001047
2489 0.00104667
2490 0.00104667
2491 0.001047
2492 0.001047
2493 0.00104667
2494 0.00104667
2495 0.001047
2496 0.001047
2497 0.00104667
2498 0.00104667
2499 0.001047
2500 0.001047
2501 0.00104667
2502 0.00104667
2503 0.001047
2504 0.001047
2505 0.00104667
2506 0.00104667
2507 0.001047
2508 0.001047
2509 0.00104667
2510 0.00104667
2511 0.001047
2512 0.001047
2513 0.00104667
2514 0.00104667
2515 0.001047
2516 0.001047
2517 0.001047
2518 0.001047
2519 0.001047
2520 0.00104667
2521 0.00104667
2522 0.001047
2523 0.001047
2524 0.00104667
2525 0.00104667
2526 0.001047
2527 0.001047
2528 0.00104667
2529 0.00104667
2530 0.001047
2531 0.001047
2532 0.00104667
2533 0.00104667
2534 0.001047
2535 0.001047
2536 0.00104667
2537 0.00104667
2538 0.001047
2539 0.001047
2540 0.00104667
2541 0.00104667
2542 0.001047
2543 0.001047
2544 0.00104667
2545 0.00104667
2546 0.001047
2547 0.001047
2548 0.00104667
2549 0.00104667
2550 0.001047
2551 0.001047
2552 0.00104667
2553 0.00104667
2554 0.001047
2555 0.00104867
2556 0.00105221
2557 0.00105582
2558 0.00105725
2559 0.00105697
2560 0.00105695
2561 0.00105695
2562 0.00105703
2563 0.00105677
2564 0.00105677
2565 0.00105682
2566 0.001057
2567 0.0010568
2568 0.00105678
2569 0.00105706
2570 0.00105699
2571 0.00105698
2572 0.00105693
2573 0.00105694
2574 0.00105693
2575 0.00105697
2576 3.16228e+007
2577 2.27789e+007
2578 3.16228e+007
2579 3.16228e+007
2580 3.16228e+007
2581 3.16228e+007
2582 3.16228e+007
2583 3.16228e+007
2584 3.16228e+007
2585 3.16228e+007
2586 3.16228e+007
2587 3.10756e+007
2588 3.10756e+007
2589 3.16228e+007
2590 3.16228e+007
2591 3.16228e+007
2592 3.16228e+007
2593 3.10756e+007
2594 3.16228e+007
2595 2.63616e+007
2596 2.3816e+007
2597 3.16228e+007
2598 2.27789e+007
2599 2.3816e+007
2600 3.16228e+007
2601 2.37217e+007
2602 3.16228e+007
2603 3.16228e+007
2604 3.16228e+007
2605 3.16228e+007
2606 2.63616e+007
2607 3.16228e+007
2608 3.16228e+007
2609 3.16228e+007
2610 3.16228e+007
2611 3.16228e+007
2612 3.10756e+007
2613 3.16228e+007
2614 3.16228e+007
2615 2.22132e+007
2616 3.16228e+007
2617 2.37217e+007
2618 3.16228e+007
2619 3.16228e+007
2620 3.16228e+007
2621 2.22132e+007
2622 3.16228e+007
2623 3.16228e+007
